53 17 @
57 22 ;
57 17 ,
63 15 i
33 2 G
63 24 ,
55 21 ,
32 29 G
42 25 .
10 9 i
17 15 ,
67 13 t
41 2 G
54 26 1
43 2 G
25 24 :
4 20 .
14 9 1
29 29 L
30 28 i
22 25 ;
59 9 i
50 9 .
37 26 o
28 3 G
33 25 ,
41 5 ,
28 8 .
66 13 t
5 18 t
33 27 ;
73 16 G
56 13 .
59 14 :
21 22 ,
39 3 i
55 11 ,
64 18 1
34 6 .
8 18 t
19 8 ;
63 21 1
65 17 1
48 6 1
27 6 :
46 6 1
50 3 G
22 22 ,
27 5 ;
17 16 ,
54 9 ,
27 23 .
11 12 C
53 22 ,
25 4 1
25 26 ;
54 13 .
17 19 :
29 4 i
24 24 C
31 4 ;
37 6 .
33 4 ;
28 7 ,
35 4 ;
36 4 ;
53 21 .
38 4 ;
16 21 ;
34 7 .
68 14 t
37 4 ;
18 12 ,
25 25 G
45 4 ;
70 18 t
28 26 L
11 13 C
68 19 t
60 12 ;
48 24 ,
24 26 i
53 4 G
16 9 i
18 16 ,
67 14 t
17 5 i
19 14 .
59 26 .
20 5 C
33 26 G
55 17 t
12 22 L
47 24 .
51 5 i
19 15 .
43 29 G
51 26 i
21 27 G
63 10 1
64 16 1
32 5 :
49 24 ,
47 3 C
22 5 i
47 23 .
37 5 ,
19 17 .
39 5 ,
23 16 @
3 15 G
26 24 ,
13 23 G
70 19 t
8 17 t
17 13 :
27 4 i
43 26 G
31 26 G
4 17 C
27 7 ,
31 25 ,
72 14 G
9 13 t
69 18 t
59 6 G
44 24 .
7 19 t
15 21 i
24 3 L
12 17 i
18 6 1
19 6 1
35 25 .
62 8 L
22 6 i
52 7 t
65 11 t
46 24 .
26 6 :
42 2 G
42 6 ,
17 8 i
22 15 0
16 17 :
21 9 ,
33 6 ,
5 19 C
54 20 .
52 6 ;
32 25 ,
12 23 G
4 14 G
63 9 t
41 6 .
23 28 :
43 6 ,
38 2 G
45 6 1
17 14 ,
19 24 i
34 5 :
21 17 @
57 16 ,
44 27 ;
59 7 1
35 6 .
54 6 i
31 3 i
45 7 .
24 5 i
6 14 t
44 4 ;
61 21 i
5 17 t
47 29 ;
14 7 G
5 13 C
44 25 ,
52 22 .
20 19 .
57 5 G
20 7 i
46 28 1
55 23 ;
16 16 :
8 16 t
25 7 :
21 6 i
49 7 :
45 5 1
54 21 ,
17 26 L
57 20 :
50 25 G
33 7 .
40 4 ;
58 12 :
48 23 .
48 3 G
62 15 ;
48 25 i
31 28 i
20 20 ,
64 9 G
36 29 G
20 8 ;
43 3 i
71 18 t
18 14 ,
45 26 G
19 16 .
52 28 L
16 24 1
56 16 ,
24 7 :
59 8 i
24 8 ,
59 17 :
62 7 G
26 25 G
56 6 1
17 7 1
14 8 t
18 7 i
16 8 1
59 23 i
59 16 :
69 14 t
30 7 .
53 27 G
22 8 :
24 4 t
71 20 G
22 20 .
51 7 1
10 11 L
32 28 i
12 15 i
46 8 .
66 15 t
51 24 f
54 11 .
57 13 ,
12 8 G
15 8 1
11 16 1
54 8 1
55 8 t
43 24 .
15 19 ;
9 15 t
21 26 1
30 24 .
21 5 1
57 7 i
53 5 i
64 8 L
53 11 .
23 23 ,
12 9 C
13 9 1
8 11 :
13 8 G
44 26 G
24 6 ;
61 11 1
60 14 :
20 9 :
43 7 .
22 9 ,
23 9 ,
9 21 C
18 25 1
41 3 i
21 15 C
59 21 ;
10 15 1
19 23 ;
9 18 t
19 5 G
61 23 1
31 7 .
41 4 ;
33 3 i
30 26 G
60 9 i
61 9 1
62 9 1
22 26 i
20 14 .
58 19 :
9 10 1
47 27 i
10 13 t
10 14 1
9 19 t
60 25 G
15 10 i
6 16 t
17 9 ;
53 20 .
19 10 :
20 10 ,
17 6 G
29 2 ,
16 18 :
31 6 ,
51 10 .
10 12 G
40 7 .
18 18 ,
55 10 ,
56 10 :
64 11 1
49 6 t
20 24 ;
25 3 G
50 6 1
62 10 1
54 23 :
64 10 t
60 10 1
66 10 G
19 12 ,
36 26 o
51 16 C
42 29 G
12 11 1
23 6 ;
61 15 ;
23 27 C
51 4 1
17 11 :
18 11 :
60 7 t
17 18 :
37 3 i
5 16 t
23 11 .
61 17 ;
69 20 t
55 18 .
26 28 G
46 29 C
19 13 .
9 11 G
66 16 t
26 23 .
58 22 ;
3 19 :
55 27 G
61 6 ,
49 25 G
41 29 G
41 28 i
61 16 ;
6 12 G
65 9 G
8 12 G
17 12 :
13 16 i
23 4 G
12 12 1
15 15 :
15 7 G
67 15 t
34 25 .
39 29 G
17 21 ;
52 3 :
9 17 t
21 12 .
62 23 f
56 23 ;
64 21 t
30 3 i
57 12 ,
36 25 .
26 4 i
53 25 ;
18 23 i
68 20 t
63 12 t
61 20 i
49 3 G
66 12 G
67 12 G
68 12 G
69 12 G
70 12 C
3 13 i
4 13 G
26 5 ;
20 11 ,
26 7 ,
8 13 t
48 7 ,
11 10 L
16 11 ;
12 13 G
17 23 i
43 27 ;
7 13 t
14 24 G
57 8 ;
18 13 ,
21 16 @
44 29 G
61 18 ;
16 19 :
55 13 .
34 27 ;
61 7 G
51 23 ,
55 22 :
14 10 i
55 16 @
62 13 L
25 27 i
12 21 1
47 4 i
8 21 f
58 20 :
68 13 t
57 11 :
63 19 1
71 13 G
23 3 .
32 6 ,
48 8 .
5 14 t
55 5 1
13 13 i
8 15 t
25 9 .
12 10 1
11 14 1
12 14 i
15 18 ;
53 6 ;
20 17 G
61 19 ;
16 14 :
62 11 i
13 7 t
6 13 t
55 14 .
37 25 .
55 6 i
14 17 ;
37 29 G
19 9 :
16 15 :
28 24 ,
63 14 i
64 14 1
63 18 i
66 14 t
34 29 G
73 17 G
7 20 C
16 22 i
23 26 i
28 6 :
57 15 .
60 11 ;
6 17 t
53 10 .
5 15 t
50 27 i
70 17 t
16 10 ;
52 5 i
53 9 ,
11 23 ,
18 17 ,
29 7 .
14 21 i
11 17 1
10 18 1
48 4 i
54 10 ,
73 19 i
20 6 i
9 14 t
60 8 1
23 15 :
60 23 1
22 11 .
54 15 C
55 15 .
46 3 1
53 7 t
58 15 ,
59 15 :
72 17 G
71 19 C
19 11 ,
60 13 ;
64 15 1
55 4 G
54 7 ;
24 16 8
56 18 .
69 15 t
36 27 T
71 15 t
40 29 G
67 21 G
35 26 i
3 16 G
7 14 t
53 15 0
27 28 G
28 28 L
46 25 ,
13 19 i
57 10 :
45 27 ;
22 23 :
22 17 @
14 16 ;
62 17 ;
40 6 .
25 23 ,
52 10 .
54 17 @
20 16 @
11 21 t
36 2 G
35 2 G
9 20 t
58 24 1
18 26 G
45 28 i
59 11 ;
67 20 t
58 11 :
52 26 i
18 21 :
18 8 i
55 19 .
23 17 @
62 16 ;
57 23 ;
58 14 ,
32 27 ;
72 13 f
58 7 1
68 16 t
49 8 .
61 8 1
8 20 t
72 16 G
34 28 i
3 17 G
36 6 .
54 22 ,
56 12 ,
56 8 1
16 25 G
20 12 .
10 17 1
57 18 ,
30 29 G
13 17 i
66 20 t
59 19 :
50 4 i
63 17 i
59 13 :
65 12 G
28 4 i
14 18 ;
41 7 .
70 13 G
68 21 G
52 17 8
22 10 .
22 12 .
30 4 ;
52 24 ;
31 2 G
35 27 ;
65 13 1
60 17 :
38 28 i
15 17 :
15 6 L
44 6 ;
50 7 1
59 24 1
57 24 i
51 25 f
56 7 i
34 4 ;
71 17 t
32 7 .
58 16 ,
47 5 :
4 18 G
40 2 G
73 18 G
54 27 G
56 15 .
5 20 G
63 20 1
73 15 G
12 18 i
12 20 1
56 21 :
38 6 .
3 18 G
4 15 L
45 2 C
19 18 .
20 18 .
21 18 .
65 14 1
14 14 ;
72 20 f
56 4 .
58 18 ,
59 18 :
60 18 :
57 9 t
62 18 i
54 18 .
61 10 i
65 18 1
15 20 ;
47 8 .
15 25 G
52 8 ,
50 28 G
32 26 G
7 18 t
58 23 i
14 23 1
23 10 .
16 20 ;
39 4 ;
23 5 i
42 26 C
71 14 C
10 19 t
11 19 1
12 19 1
9 16 t
38 3 i
30 5 :
9 12 G
24 9 .
44 2 G
19 19 ,
43 5 1
21 19 .
58 6 f
13 10 1
56 19 ,
65 15 1
60 6 G
51 3 G
29 25 ,
52 4 L
14 19 i
32 4 ;
27 8 .
54 25 i
66 19 t
67 19 t
56 24 i
69 19 t
46 4 ;
57 25 1
19 20 ,
29 8 .
17 17 ,
69 17 t
42 28 i
16 13 :
56 9 :
20 23 ;
10 20 f
56 22 :
52 15 :
13 20 i
20 22 :
66 18 t
41 27 ;
44 3 i
40 28 i
25 6 ;
54 4 G
21 20 .
34 2 G
23 20 .
18 10 :
41 26 t
4 19 G
7 12 G
14 22 1
64 17 1
59 20 ;
60 20 ;
51 22 .
62 20 i
50 23 .
22 16 @
65 20 t
54 12 .
46 2 i
15 23 1
67 16 t
60 21 i
49 4 i
25 5 i
7 21 ;
32 3 i
26 8 .
10 21 G
44 7 .
22 4 G
13 21 1
14 15 ;
6 20 G
60 16 :
29 6 ,
65 22 G
62 19 i
29 3 f
59 22 i
22 21 .
23 21 .
27 3 G
51 21 .
27 25 L
19 26 G
21 8 :
18 19 ,
13 22 1
8 19 f
58 21 ;
58 13 ,
50 5 ;
64 13 1
62 21 1
39 27 T
55 12 .
52 25 ;
63 23 G
39 6 .
69 13 t
17 20 :
70 21 C
45 25 ,
11 22 G
44 5 1
55 9 :
28 25 :
14 12 i
38 25 .
6 19 t
18 22 ;
18 20 :
38 5 ,
13 15 i
51 6 ;
18 5 G
24 22 .
25 22 .
21 11 .
21 4 G
61 13 ;
73 14 ;
50 8 ,
70 20 G
33 29 G
65 10 G
58 9 t
15 11 ;
33 28 i
15 16 :
62 22 1
26 9 .
14 20 i
20 21 ,
11 15 1
16 6 G
24 28 G
15 14 :
49 26 ;
54 5 1
53 8 :
61 12 ;
65 19 t
56 20 ,
21 23 :
52 9 .
49 27 i
62 14 i
35 3 i
14 13 ;
51 28 G
51 9 .
29 23 .
36 5 ,
64 12 G
15 22 i
15 13 ;
26 3 G
56 14 .
29 24 .
58 5 G
22 7 ;
67 11 G
16 23 1
42 7 .
42 27 ;
13 18 i
43 4 ;
64 22 G
66 21 G
64 19 1
13 24 C
47 6 1
15 24 L
62 12 i
17 24 1
18 24 i
18 9 ;
30 6 ,
21 24 ;
22 24 ;
23 24 :
20 4 1
6 18 t
4 12 .
28 5 ;
29 5 :
47 26 G
42 5 :
55 20 ,
21 10 ,
57 21 :
53 16 @
11 9 G
12 16 i
27 27 i
45 24 .
28 23 .
20 25 i
60 19 ;
19 7 i
50 24 ,
21 7 ;
56 17 .
30 2 f
54 24 ;
55 24 ;
16 12 :
72 18 G
54 19 .
18 15 ,
60 24 t
61 24 G
64 20 1
70 14 t
49 23 .
31 24 .
17 25 C
68 15 t
19 25 1
66 17 t
21 25 i
2 16 ;
23 25 ;
64 23 C
7 17 t
11 8 .
72 15 G
45 29 G
47 28 t
30 25 ,
11 18 1
66 11 G
39 2 G
55 7 ;
42 3 i
16 7 1
20 13 .
57 19 ,
20 27 C
45 3 i
41 25 .
14 11 i
43 25 ,
37 2 G
10 22 f
35 29 G
47 25 ,
19 21 :
31 5 :
71 16 t
8 14 t
57 14 ,
54 16 @
69 16 t
55 25 i
56 25 1
17 10 ;
13 14 i
46 5 ;
42 24 .
61 25 i
56 11 ,
63 13 G
58 25 t
20 15 .
52 16 @
58 8 i
68 18 t
15 12 ;
48 27 i
10 16 1
27 26 ;
60 15 :
29 26 G
4 16 L
49 5 ;
50 26 ;
35 5 ,
34 26 L
59 12 :
56 5 G
49 28 G
38 26 o
39 26 o
47 7 ,
59 25 G
33 24 .
48 5 ;
67 18 t
36 3 i
46 26 G
53 23 :
48 26 i
23 8 ,
69 21 G
70 16 t
26 26 ;
53 26 i
63 11 1
55 26 1
46 27 ;
24 10 .
58 26 G
23 22 ,
20 26 t
19 22 :
6 15 t
13 11 1
38 29 G
5 12 G
26 27 i
13 12 i
28 27 i
50 22 .
3 14 G
42 4 ;
25 28 G
34 3 i
32 24 .
68 17 t
70 15 t
37 27 T
38 27 T
65 21 G
40 27 ;
72 19 G
24 25 ;
49 9 .
51 8 ,
15 9 i
58 10 ;
63 22 t
40 26 i
23 7 :
22 27 G
52 21 .
52 27 t
40 25 .
32 2 G
29 27 ;
62 24 G
63 8 G
67 17 t
65 16 1
56 27 ;
58 17 ,
7 16 f
29 28 1
2 15 :
57 6 1
40 5 ,
31 27 ;
24 23 ,
35 28 i
36 28 i
37 28 i
33 5 :
39 28 i
21 21 ,
53 24 ;
40 3 i
46 7 .
44 28 i
34 24 .
57 26 G
51 27 1
48 28 G
24 21 .
61 14 ;
21 13 .
7 15 f
47 2 .
60 22 i
61 22 1
17 22 ;
52 23 ,
11 20 t
43 28 i
31 29 G
59 10 1
24 27 1
10 10 G
25 8 ,
27 24 ,
11 11 t
56 26 C
63 16 i
39 25 .
24 17 i
30 27 ;
1 30 .
