30 3 `
55 32 ,
45 39 `
20 57 @
34 3 ,
35 3 :
51 12 ;
37 3 ,
50 8 ;
51 21 #
40 3 `
50 32 #
27 4 .
28 4 '
15 39 #
30 4 @
31 4 #
49 66 ;
33 27 '
19 45 #
35 4 +
39 45 #
37 4 +
17 11 ;
50 9 ;
39 32 :
27 55 +
25 30 '
43 4 :
44 4 `
35 30 #
24 5 +
25 5 #
26 5 +
31 25 :
56 52 .
14 40 ;
28 34 :
40 32 :
32 5 ;
31 70 @
10 37 .
35 5 ;
55 21 +
37 5 ;
38 5 #
25 38 :
40 5 #
41 5 #
7 44 +
25 48 #
20 48 ;
45 61 +
56 18 ;
47 5 .
21 6 ,
22 6 @
24 73 #
24 6 ;
53 73 +
23 65 .
31 6 +
46 30 '
48 52 #
49 63 #
55 31 .
4 36 #
34 6 ;
50 72 ;
32 43 `
44 36 :
38 6 `
42 6 '
43 6 #
25 21 #
49 60 `
46 6 ;
22 48 ;
48 23 `
49 6 .
19 7 ;
47 28 '
45 27 '
19 25 #
26 36 :
24 7 ;
25 7 #
26 7 `
32 7 `
45 28 '
32 3 `
34 33 :
36 7 +
37 7 `
43 7 `
54 56 #
34 75 `
46 7 ;
24 23 +
16 78 `
49 7 '
50 7 #
25 18 .
44 72 ;
47 11 ;
16 46 ;
20 8 :
19 16 .
18 79 #
22 52 '
38 42 #
38 39 :
50 55 ;
54 19 '
42 71 ;
36 8 `
22 9 ;
45 8 '
51 59 ;
50 10 ;
36 70 +
16 17 #
27 66 `
24 59 .
20 72 ;
23 38 #
12 38 +
50 60 '
32 40 :
38 30 +
21 9 ;
48 32 '
24 79 #
24 9 ;
28 29 '
32 18 #
32 37 :
51 17 ,
46 9 ;
29 47 #
50 31 #
59 56 #
14 16 ;
22 34 #
53 52 ;
36 56 `
14 13 ;
16 10 #
17 10 :
47 7 ;
7 35 +
5 43 #
41 4 @
40 55 +
53 67 `
24 10 .
33 39 :
23 39 `
16 13 ;
46 10 ;
47 10 ;
48 10 ;
49 10 ;
36 18 '
42 33 :
47 47 #
28 45 #
56 37 ,
37 55 +
54 55 ;
23 57 ;
34 7 ;
21 13 ;
30 41 :
20 11 ;
21 11 ;
18 44 #
23 11 #
31 79 #
35 11 '
45 11 +
32 56 `
38 31 :
52 12 ;
54 63 `
50 11 ;
27 34 :
52 11 ;
37 6 #
39 31 ;
55 11 '
17 47 ;
40 47 #
15 12 ;
16 12 ;
17 12 ;
25 34 :
19 12 ;
32 25 ;
51 27 `
26 65 `
23 12 #
47 14 +
26 79 #
53 68 `
46 12 ;
47 12 ;
33 18 `
49 12 ;
16 54 ;
33 7 #
44 39 +
53 12 ;
14 18 ;
55 12 #
56 12 `
13 13 #
33 38 :
15 13 ;
21 31 '
42 70 ;
18 13 ;
49 30 '
40 56 `
17 55 ;
33 70 ;
20 9 ;
31 38 :
32 13 ;
22 69 ;
34 13 :
56 25 #
40 40 :
37 13 '
44 13 `
40 30 '
46 13 ;
46 67 ;
14 46 ;
21 10 ;
26 68 '
36 38 :
52 13 ;
53 13 ;
15 44 :
55 13 ;
19 50 ;
60 60 '
29 39 :
16 49 ;
15 14 ;
16 14 ;
17 14 ;
30 40 :
19 14 ;
46 48 '
44 73 #
36 14 ,
23 14 #
9 23 `
32 14 #
35 41 :
50 58 +
25 72 ;
28 73 #
34 51 ;
38 14 `
35 10 +
54 16 ;
3 37 '
13 46 ;
51 68 ;
49 14 ;
40 41 #
29 45 #
58 28 '
36 52 '
42 45 #
18 12 ;
56 14 +
57 14 '
9 38 `
53 16 ;
24 66 `
27 73 #
16 15 ;
17 15 ;
18 15 ;
24 14 ,
42 56 `
21 15 .
57 31 ;
25 15 .
29 56 `
43 47 #
35 15 .
36 15 ;
55 36 :
12 32 '
45 15 `
60 61 #
42 79 #
34 23 +
43 73 #
51 15 ;
52 15 ;
53 15 ;
33 47 #
28 6 .
56 15 ;
13 31 .
17 16 ;
35 68 +
13 16 ;
40 27 '
44 45 #
45 56 `
55 37 ;
44 29 '
43 16 '
24 16 `
25 16 #
35 37 :
33 55 +
37 15 `
30 71 #
43 71 ;
37 16 :
42 46 ;
20 71 ;
13 33 #
49 52 ;
51 16 '
47 67 ;
37 70 @
26 56 `
55 16 ;
30 70 #
18 56 +
30 38 :
12 52 '
45 73 #
13 17 ;
38 33 :
50 13 ;
28 69 #
17 17 '
24 39 #
35 46 '
16 16 ;
25 17 `
26 17 #
47 29 '
28 17 `
29 17 `
45 47 #
21 79 #
57 30 ;
33 17 +
39 67 #
50 18 +
51 54 ;
12 26 @
29 5 #
31 18 :
21 53 #
13 21 +
42 17 #
43 17 ,
58 33 `
49 17 `
60 58 +
45 9 #
45 7 ;
53 17 ;
33 4 +
18 47 #
56 17 ;
40 67 .
51 72 :
11 18 #
30 47 #
21 55 .
46 71 ;
15 18 '
16 18 :
24 29 '
59 29 `
14 35 .
28 35 :
33 50 +
24 18 ;
19 29 #
27 18 :
11 50 #
10 21 @
30 72 :
21 12 ;
34 26 '
48 12 ;
10 43 ;
52 41 +
39 18 :
49 48 ;
41 18 :
54 53 ;
45 18 :
42 69 +
30 32 :
37 33 :
24 49 #
58 22 ;
55 22 @
52 18 '
53 18 #
25 46 ;
55 18 ;
46 5 +
49 15 #
45 68 :
10 19 .
11 19 '
40 18 '
33 19 `
53 74 :
49 67 ;
30 73 #
30 46 ;
26 19 #
27 19 #
32 19 #
16 47 ;
35 19 ,
20 52 ;
10 29 @
42 19 '
53 54 ;
27 25 `
30 6 .
57 16 '
34 8 +
57 33 #
56 19 ;
30 5 +
58 19 +
55 14 ;
49 13 ;
44 18 .
33 48 :
27 47 #
46 69 ;
32 20 '
43 64 #
39 72 ;
35 20 '
51 29 #
37 20 '
48 11 ;
19 30 +
46 79 #
19 15 #
37 51 '
59 20 +
34 16 +
48 33 '
4 42 .
32 30 #
14 21 `
48 47 #
28 30 '
20 21 +
21 21 +
22 21 +
48 70 ;
24 21 #
28 37 :
26 21 #
35 47 ;
38 70 @
34 21 #
19 67 ;
42 73 #
31 50 +
12 44 ;
44 21 #
38 34 :
46 38 `
47 21 +
48 54 `
49 21 #
50 21 #
39 3 `
56 16 ;
33 21 :
56 21 ;
48 17 `
53 9 +
59 21 +
26 23 #
22 29 '
34 5 ;
44 8 +
45 72 ;
41 34 :
35 22 .
41 56 `
56 22 ;
46 72 ;
35 29 '
59 22 #
48 7 ;
10 23 #
38 32 :
12 23 '
13 23 '
17 44 '
23 23 ,
11 34 #
25 23 #
19 10 ;
32 27 '
57 18 ;
35 23 .
43 23 +
12 28 @
45 23 #
20 24 ,
47 23 ;
48 6 #
55 23 ,
17 78 #
57 23 ;
58 23 ;
21 49 ;
33 52 ;
10 24 #
11 24 ;
49 33 +
36 26 '
33 43 .
21 24 #
22 24 #
23 73 #
34 24 +
35 24 .
53 57 #
49 70 ;
52 46 #
49 24 @
50 24 ;
40 4 #
54 34 `
11 17 #
57 24 ;
58 24 ;
38 51 `
45 38 #
54 18 ;
11 25 ;
50 67 ;
58 16 .
26 26 @
35 7 ;
26 25 `
27 35 :
17 57 `
29 25 .
30 25 ,
27 5 '
61 60 .
57 26 ;
60 57 #
44 35 :
12 29 @
59 19 :
14 39 :
39 25 .
40 25 `
41 25 `
27 28 '
41 28 '
41 79 #
35 13 #
3 41 .
21 36 ;
59 25 #
9 26 `
55 54 ;
18 71 #
37 17 +
41 17 ;
18 60 #
23 26 ;
24 26 #
32 55 +
20 12 ;
29 40 :
28 26 #
29 26 #
30 26 +
51 7 .
47 51 .
23 79 #
17 43 '
35 26 '
16 45 ;
47 33 '
16 40 ;
4 35 .
43 48 .
41 26 #
42 26 @
43 26 @
39 36 :
45 26 :
23 9 ;
21 32 '
56 26 #
35 56 `
14 50 ;
14 45 ;
9 27 `
28 65 `
48 51 '
36 27 '
19 27 #
20 27 #
21 27 +
54 39 '
23 27 '
24 27 '
16 39 `
26 27 '
17 13 ;
28 27 '
26 34 :
30 27 '
31 27 '
27 23 #
54 17 ;
12 42 :
19 69 ;
12 27 @
37 27 '
18 68 @
9 40 `
27 33 :
14 43 ;
42 27 '
43 27 '
33 45 #
21 7 '
57 25 ;
53 66 `
36 20 +
36 28 '
24 55 +
50 33 .
56 27 #
13 14 '
43 39 '
59 27 +
56 31 '
38 79 #
29 35 :
44 23 #
45 62 `
20 28 '
51 67 ;
22 28 '
50 69 ;
54 20 #
32 6 #
26 28 '
18 43 ,
58 29 #
3 42 #
49 28 '
31 28 '
35 52 +
33 28 '
52 60 +
35 28 '
49 27 #
59 24 #
38 28 '
30 17 `
40 28 '
20 33 @
11 41 '
45 6 ;
35 71 ;
59 55 `
47 26 `
23 51 .
39 34 :
37 48 #
46 18 @
47 70 ;
56 28 #
57 28 :
8 42 `
59 28 '
36 30 #
51 69 ;
36 25 ;
53 42 #
50 54 ;
41 36 :
22 49 ;
23 29 '
50 45 #
23 7 ;
26 29 '
27 29 '
12 34 ;
29 29 '
51 70 ;
31 29 '
15 51 ;
33 29 '
34 29 '
22 10 ;
46 28 '
37 29 '
43 70 ;
31 46 ;
40 29 '
27 40 :
42 29 '
43 29 '
37 38 :
30 45 #
46 29 '
17 74 ,
37 26 +
49 29 '
50 50 ;
48 27 #
37 40 :
28 48 .
41 47 #
20 18 +
9 43 ;
11 30 ;
12 30 #
34 28 '
48 45 #
20 30 '
21 30 '
12 50 ;
23 30 '
38 25 ,
42 4 #
56 29 #
50 14 ;
19 21 #
29 30 +
30 30 #
15 10 ,
54 51 ;
33 30 #
24 8 #
52 68 #
29 33 :
37 30 #
52 79 #
36 36 :
23 6 #
42 68 `
32 48 #
43 30 '
44 30 '
45 30 '
38 37 :
17 52 ;
48 30 '
19 13 ;
50 30 '
51 30 #
23 68 ;
23 34 ;
17 56 +
10 31 +
58 32 ,
12 31 +
50 64 ;
19 31 ,
20 31 '
55 15 ;
15 41 ;
23 31 '
24 31 '
25 31 '
40 34 :
27 31 #
34 12 `
12 16 ;
30 31 :
31 31 :
32 31 :
33 13 .
56 20 ;
35 31 :
26 45 #
51 65 ;
32 17 #
45 70 ;
40 31 #
41 31 #
13 47 ;
43 31 '
25 26 @
45 31 '
31 42 +
47 31 '
48 31 '
49 31 '
48 9 ;
51 47 #
31 67 #
9 28 `
24 15 #
52 8 ,
10 32 ,
11 32 ;
44 15 #
13 32 ;
19 32 `
20 32 +
47 18 @
22 32 '
51 64 ;
24 32 '
22 70 ;
18 51 ;
27 32 :
29 27 '
45 45 #
52 14 ;
31 32 :
25 27 '
27 38 :
34 32 :
35 32 :
46 55 ,
58 31 +
11 23 ;
39 27 '
31 5 ;
41 32 ;
33 51 :
23 55 :
25 32 #
41 41 '
37 18 #
30 28 '
13 22 #
36 37 :
57 34 #
31 41 :
50 61 ;
24 60 '
52 64 #
28 72 ;
51 28 #
29 37 :
12 33 :
20 7 #
50 25 `
29 4 @
19 64 ;
23 33 #
49 61 ,
25 33 :
26 33 :
16 41 #
28 33 :
37 19 #
30 33 :
31 33 :
53 59 +
33 33 :
20 25 .
49 9 ;
36 33 :
22 64 :
12 17 ;
39 33 :
40 33 :
41 33 :
57 19 ;
43 33 '
44 33 #
45 33 '
46 33 '
48 29 '
11 21 ;
21 64 '
47 48 ;
55 33 #
56 33 :
23 49 ;
57 21 ;
49 32 '
28 32 :
26 39 :
20 34 '
21 34 +
54 21 .
43 34 :
24 34 :
46 23 +
27 70 ;
51 11 ;
6 35 #
41 37 :
20 17 `
34 67 `
32 34 :
59 63 `
34 34 :
35 34 :
12 19 ;
37 34 :
45 21 #
50 43 '
33 37 :
43 46 ;
11 44 ;
18 8 @
44 34 +
45 34 #
15 40 ;
47 34 '
48 34 '
13 52 +
41 30 '
55 34 @
56 34 ;
44 9 `
39 26 +
40 17 .
21 14 '
10 41 +
21 50 ;
45 46 ;
13 51 ;
29 38 :
9 24 `
15 37 .
22 35 :
23 35 :
21 47 #
25 35 :
26 35 :
44 19 ,
33 15 `
53 56 '
30 35 :
31 35 :
32 35 :
18 64 @
33 68 '
20 49 ;
42 66 `
34 43 .
38 35 :
39 35 :
36 39 :
36 34 :
32 16 `
43 35 :
47 9 ;
45 57 `
46 35 #
23 8 ;
19 57 ;
49 35 `
54 35 :
55 35 +
41 45 #
23 32 '
50 28 +
33 6 ;
5 36 `
52 63 #
8 36 +
24 56 `
13 42 +
12 36 ;
13 36 ;
14 36 #
25 55 +
31 3 `
23 36 :
9 37 +
52 52 #
25 29 '
27 36 :
35 17 .
53 58 #
30 36 :
47 50 #
58 63 +
41 48 .
34 36 :
19 58 ;
39 30 '
30 39 :
38 36 :
44 26 +
36 5 ;
21 29 '
42 36 :
43 36 :
9 42 #
33 8 `
46 36 #
47 36 #
48 36 `
52 51 #
34 79 #
56 36 #
2 37 .
33 77 #
24 36 :
35 33 :
12 37 #
17 45 +
35 6 ;
37 14 #
53 55 '
25 39 ;
24 37 :
25 37 :
32 67 '
52 10 ;
22 23 `
29 79 #
55 24 `
33 75 '
14 41 #
38 4 +
56 35 +
42 35 :
12 45 ;
28 47 #
21 26 `
24 71 ;
40 37 :
57 55 #
24 68 :
27 17 '
19 63 ;
45 37 :
50 49 ;
47 37 ,
53 37 `
54 37 +
11 16 ,
24 47 #
50 73 #
3 38 `
52 39 `
39 5 #
44 79 #
28 39 :
14 38 ;
15 38 #
16 9 '
24 38 :
44 7 #
26 38 :
21 8 ;
42 31 '
55 63 +
27 46 ;
24 13 `
44 32 '
20 65 ;
26 31 +
51 66 ;
26 41 ,
37 52 #
35 12 +
39 38 :
19 59 :
41 38 :
42 38 :
43 38 :
44 38 ;
51 61 ;
46 21 +
53 38 :
54 38 ;
11 33 +
24 19 `
10 39 @
13 39 #
34 4 +
27 56 `
23 21 +
28 25 `
13 48 ;
57 63 #
51 8 #
27 39 :
22 14 @
37 36 :
13 25 `
34 38 :
32 39 :
18 9 ;
21 46 ;
50 70 ;
40 35 :
37 39 :
25 8 `
39 39 :
40 39 :
41 39 :
42 39 :
58 27 ;
24 28 '
41 29 '
28 38 :
12 24 +
29 34 :
31 49 +
33 32 :
25 62 :
10 40 @
11 40 ,
13 40 ;
39 56 `
43 56 `
23 13 +
25 40 #
26 40 '
34 27 '
28 40 :
53 79 :
31 36 :
31 40 :
52 73 #
33 40 :
34 40 :
35 40 :
35 55 +
35 79 #
50 44 #
54 14 ;
43 32 '
41 40 ;
42 40 #
43 40 '
22 27 '
53 40 '
34 46 '
44 71 ;
34 47 :
9 41 ;
23 37 ;
17 59 `
12 41 #
48 15 +
14 17 ;
22 31 '
46 50 `
17 41 .
11 46 ;
27 41 #
49 45 #
29 41 ;
19 11 ;
19 61 ;
35 14 #
28 18 +
51 25 :
33 46 ;
36 41 :
39 48 .
38 41 :
33 35 :
27 30 '
45 32 '
51 41 `
29 18 #
53 41 '
54 41 .
49 68 ;
12 21 ;
51 42 #
59 26 #
10 42 :
11 42 ;
32 38 :
11 36 ,
34 25 #
15 42 #
16 42 :
17 42 #
47 65 +
29 42 +
30 42 @
46 31 '
32 42 '
39 37 :
34 42 ;
30 56 `
36 42 +
37 42 #
38 48 .
39 42 '
53 19 ,
50 12 ;
39 71 ;
4 43 '
43 19 #
6 43 +
44 63 ;
28 55 +
52 9 +
47 8 ;
11 43 ;
19 18 +
13 43 ;
41 27 '
15 43 #
16 43 +
35 9 #
43 69 ;
31 43 `
10 26 #
2 41 ,
35 67 `
35 43 .
55 52 +
48 28 ;
51 43 +
52 43 #
53 43 .
42 5 '
8 44 ;
9 44 ;
34 22 +
42 34 :
43 21 #
15 49 ;
14 11 '
54 13 ;
16 44 #
44 6 ;
10 27 #
19 44 `
35 38 :
20 46 ;
52 44 '
52 59 +
51 52 ;
37 32 :
10 45 ;
11 45 ;
22 67 ;
8 46 '
38 38 :
15 45 ;
32 49 '
13 37 ;
35 36 :
54 36 #
38 26 +
21 45 #
45 36 :
23 45 #
24 45 #
23 50 #
25 28 '
37 41 :
53 10 '
17 9 #
34 10 :
9 36 ,
49 18 #
28 70 :
27 6 +
35 45 #
36 45 #
21 52 ;
18 69 #
36 4 +
40 45 #
34 37 :
25 69 ;
18 52 '
15 16 ;
58 20 ;
46 45 #
47 45 #
22 68 ;
28 41 +
49 46 ;
51 45 #
52 45 '
13 45 ;
34 15 +
51 62 ;
23 24 '
12 46 ;
18 72 #
48 13 ;
23 67 ;
19 8 +
34 41 :
33 72 :
19 46 ;
51 44 ;
20 53 :
36 13 `
23 46 ;
51 48 ;
10 25 #
35 50 #
14 12 #
28 46 ;
29 46 ;
25 19 ,
20 67 ;
32 46 ;
22 8 ;
13 24 `
23 18 @
20 45 #
37 46 ;
44 62 #
39 46 ;
40 46 ;
41 46 ;
48 68 ;
10 44 ;
32 70 +
53 71 `
46 34 '
47 46 ;
52 69 #
12 43 ;
50 46 ;
51 46 ;
48 24 +
53 46 `
48 64 #
14 37 #
53 69 `
12 47 ;
23 69 ;
14 47 ;
27 79 #
13 19 ;
13 12 `
55 17 ;
19 47 #
9 48 ;
24 35 :
22 47 #
23 71 ;
20 62 '
49 53 #
36 67 ,
13 20 ;
37 37 :
35 25 '
12 18 ;
57 22 ;
32 47 #
54 15 ;
16 48 ;
27 21 :
14 53 +
37 47 +
20 58 @
51 14 ;
57 27 :
17 54 ;
42 47 #
39 4 +
44 47 #
39 28 '
46 47 #
55 51 #
48 71 ;
49 47 #
19 52 ;
51 31 :
52 47 #
53 47 `
57 32 ;
42 48 .
11 48 ;
12 48 ;
23 66 #
14 48 ;
15 48 ;
46 27 +
45 71 ;
18 48 ;
19 48 ;
44 5 +
36 21 ,
46 37 #
23 48 ;
24 48 '
37 31 :
26 48 .
27 48 .
31 47 #
29 48 .
30 48 .
31 48 .
31 72 ;
12 20 ;
15 46 ;
35 48 ;
36 48 :
47 32 '
8 35 `
27 45 #
40 48 .
32 79 #
12 51 #
40 26 #
7 45 `
45 48 :
27 37 :
34 30 #
48 48 ;
41 35 :
50 48 ;
34 31 :
52 48 +
53 48 #
22 36 ;
11 49 ;
22 66 :
13 44 ;
40 79 #
17 79 .
31 39 :
17 49 ;
26 55 +
19 49 ;
35 35 :
18 11 ;
36 73 #
18 62 #
3 36 :
56 13 #
34 20 '
33 49 ;
34 49 ;
46 73 #
36 49 ;
37 49 '
42 25 `
52 49 ;
53 39 #
19 73 #
49 49 ;
10 33 `
21 70 ;
47 24 :
53 49 '
54 49 .
14 54 '
22 30 '
13 50 ;
58 26 ;
15 50 ;
16 50 ;
17 50 ;
18 50 ;
34 55 +
20 50 ;
23 59 .
26 73 #
25 45 #
37 50 #
32 50 #
61 58 `
34 50 #
15 15 ;
52 62 #
41 70 :
38 50 :
18 74 '
18 14 ;
48 50 ;
49 50 ;
50 29 '
36 46 ;
52 50 ;
53 50 ;
54 50 #
11 51 .
52 58 +
12 35 ;
14 51 ;
26 70 ;
16 51 ;
17 51 ;
26 32 '
14 44 ;
20 51 ;
21 51 ;
22 51 #
19 53 ;
32 52 #
32 51 ;
42 32 #
52 42 ;
35 51 #
36 51 ,
29 32 :
55 62 `
52 17 +
11 27 ;
17 8 `
50 51 ;
53 60 #
32 71 #
53 51 ;
50 65 ;
21 61 `
16 53 ;
50 27 ,
14 52 ;
15 52 ;
16 52 ;
47 30 '
43 45 #
28 28 '
36 19 '
37 45 #
47 35 '
48 18 #
21 18 +
34 52 #
32 28 '
53 14 ;
36 43 `
45 67 #
37 56 `
50 52 ;
24 30 '
25 36 :
21 67 ;
33 73 #
40 72 ;
28 5 +
13 53 ;
20 59 @
15 53 ;
56 24 +
17 53 ;
18 53 '
49 16 `
34 39 :
29 72 ;
33 53 ,
47 6 +
35 53 +
36 53 .
45 29 '
46 57 .
50 53 ;
51 53 ;
52 53 #
53 53 ;
42 21 .
55 53 ;
56 53 #
13 15 ;
45 12 #
15 54 #
34 53 +
48 49 ;
37 25 ;
29 70 +
45 10 #
21 54 +
48 21 #
54 10 '
20 29 '
36 17 #
13 34 #
20 10 ;
54 54 ;
36 6 ;
56 54 ;
57 54 +
23 58 :
16 55 #
54 52 ;
18 55 +
19 55 ;
20 55 +
13 18 ;
49 11 ;
25 6 :
58 25 ;
18 49 ;
25 56 `
8 43 #
29 55 +
30 55 +
31 55 +
44 31 '
33 16 #
18 21 '
36 40 :
36 55 +
32 29 '
38 55 +
39 55 +
28 36 :
41 55 +
42 55 +
43 55 +
44 55 +
45 55 +
10 28 #
13 49 ;
14 15 ;
51 55 ;
52 55 #
31 34 :
46 8 ;
55 55 #
56 55 #
53 70 `
58 55 +
18 46 #
58 30 #
38 73 #
27 68 `
21 69 ;
21 56 `
23 56 '
31 45 #
10 20 :
40 38 :
21 33 '
11 35 +
21 65 ;
48 73 #
31 56 `
46 11 ;
11 28 ;
34 56 `
12 22 :
42 28 '
22 7 ;
38 56 `
38 17 #
17 58 `
51 18 '
20 15 +
46 46 ;
49 64 ;
21 17 `
32 72 ;
49 56 `
50 56 ;
26 30 '
52 56 #
48 79 #
39 17 :
55 56 .
28 79 #
46 26 .
60 56 `
19 65 ;
18 57 +
48 35 #
47 49 '
16 11 ;
24 57 `
56 30 #
25 47 +
49 57 `
51 71 ;
51 57 ;
55 38 @
46 24 `
11 29 ;
10 30 @
18 58 +
18 45 #
11 20 ;
15 55 .
24 58 `
50 15 ;
46 58 `
46 14 @
51 58 ;
53 72 `
29 36 :
55 20 :
30 34 :
58 21 ;
18 59 #
45 14 #
36 47 #
10 38 +
52 54 #
45 59 +
32 32 :
50 59 +
39 69 `
47 71 ;
18 54 '
26 46 ;
61 59 :
22 26 ,
19 60 ;
20 60 @
23 60 `
56 32 ;
45 60 #
47 13 ;
51 56 ;
51 60 ;
38 45 #
49 8 ;
12 14 +
18 10 ;
18 61 #
51 32 `
20 61 #
20 14 ;
36 16 #
20 63 :
44 61 ,
32 33 :
23 28 '
38 29 '
57 29 ;
35 8 +
53 61 #
47 15 `
55 19 ;
19 62 ;
49 54 #
21 62 ;
24 62 '
21 48 ;
38 46 ;
47 68 ;
49 62 #
50 62 ;
31 71 #
52 16 ;
53 62 ,
54 62 #
13 38 ;
58 62 `
59 62 @
60 62 `
18 63 @
44 37 :
25 61 `
21 63 #
25 63 #
34 78 `
7 43 #
48 63 :
51 50 ;
50 63 ;
51 63 ;
44 69 ;
53 63 .
44 56 `
13 35 '
56 63 #
10 22 @
32 36 :
33 34 :
39 41 '
22 33 '
20 64 ;
34 17 `
31 51 ,
25 64 `
26 64 @
11 31 ;
9 47 #
48 53 :
19 68 ;
19 70 ;
20 47 #
53 64 .
18 65 @
44 14 .
10 48 +
34 72 #
22 65 #
26 6 #
38 27 '
27 65 @
47 27 #
41 65 `
42 65 #
43 65 .
24 46 ;
48 65 ;
44 27 '
34 9 #
50 16 #
52 65 #
53 65 `
18 66 @
48 14 ;
20 66 ;
21 66 ;
12 49 ;
19 17 `
33 56 `
38 3 .
33 78 +
37 35 :
40 66 :
34 14 #
36 35 :
46 66 #
47 66 +
48 66 ;
32 4 +
50 66 ;
38 49 ;
52 66 #
44 70 ;
22 79 #
35 21 #
39 29 '
20 13 ;
43 5 ;
34 48 ;
24 67 #
37 67 ;
29 67 `
30 67 +
10 49 +
26 37 :
33 67 ,
8 45 #
29 66 '
26 47 #
25 67 :
38 67 #
14 20 @
57 17 ;
42 72 ;
45 19 `
43 28 '
36 50 +
48 67 ;
15 19 +
12 25 #
21 28 '
52 67 #
23 10 '
22 18 #
52 57 +
20 68 ;
21 68 ;
49 34 #
45 35 ;
42 37 :
25 68 +
15 17 ;
54 76 #
32 68 .
34 35 :
34 68 +
32 45 #
36 68 '
27 27 '
30 37 :
43 68 '
44 68 +
58 18 #
46 68 ;
19 28 #
18 67 @
29 28 '
50 68 ;
19 66 ;
23 5 .
46 32 '
13 30 `
40 69 '
47 73 #
20 56 #
33 31 :
52 61 +
24 69 ;
19 54 ;
26 69 ;
27 69 #
51 51 ;
29 69 ,
30 69 `
38 69 `
15 11 +
33 3 .
41 69 #
10 47 :
20 54 ;
7 36 `
45 69 ;
41 71 ;
47 69 ;
48 69 ;
49 69 ;
24 33 '
18 73 #
48 46 ;
11 47 ;
18 70 #
57 35 ,
44 16 .
51 49 ;
46 49 +
23 70 ;
53 11 ;
25 70 ;
19 51 ;
28 56 `
33 41 :
14 42 #
51 9 ;
33 5 ;
49 73 #
22 13 ;
34 70 :
35 70 ;
48 8 ;
57 53 `
40 36 :
39 70 #
40 70 '
22 11 ;
54 12 ;
35 27 '
22 45 #
54 11 +
46 70 ;
21 35 #
49 59 `
51 13 ;
35 39 :
58 17 #
51 79 #
39 40 :
11 26 ;
19 71 ;
20 70 ;
21 71 ;
22 71 ;
23 47 #
33 42 ;
25 71 ;
26 71 ;
27 71 ;
28 71 ;
29 71 ;
35 16 +
10 46 ;
33 26 '
33 71 #
34 71 ;
44 28 '
36 71 ;
37 71 ;
38 71 ;
31 26 +
40 71 ;
36 31 :
33 20 +
44 48 .
17 46 ;
17 48 ;
49 65 ;
38 47 #
45 5 #
49 71 ;
50 71 ;
50 57 +
52 71 #
38 40 :
9 25 `
19 72 ;
9 46 ;
21 72 ;
22 72 ;
23 72 ;
24 72 ;
32 41 :
26 72 ;
27 72 ;
13 41 ,
5 35 +
30 18 +
42 30 '
46 56 ,
36 3 ,
57 20 ;
35 72 ;
36 72 ;
26 4 `
38 72 ;
54 40 #
9 45 ;
41 72 ;
44 67 ,
43 72 ;
49 51 ;
22 46 ;
28 31 +
47 72 ;
48 72 ;
49 72 ;
29 31 ;
30 29 '
52 72 #
31 30 #
11 22 ;
54 78 `
20 73 #
21 73 #
22 73 #
14 14 ;
45 13 #
25 73 #
22 50 :
60 59 :
37 28 '
28 42 :
57 15 #
31 73 #
32 73 #
50 17 `
34 73 #
35 73 #
51 10 ;
37 73 #
36 29 '
39 73 #
40 73 #
41 73 #
51 24 .
45 58 .
18 16 #
37 72 ;
35 49 ;
20 69 ;
35 42 ;
44 46 ;
2 38 +
51 73 #
19 9 ;
31 37 :
43 37 :
39 47 #
33 74 `
34 74 ;
20 79 #
54 74 .
17 75 #
29 73 #
32 26 +
54 75 #
16 76 ;
19 79 #
33 76 #
19 56 ;
16 77 '
17 77 .
59 23 #
54 77 +
24 61 @
56 23 ;
28 66 #
43 63 .
30 79 #
50 47 #
49 55 ;
33 14 +
17 76 :
14 19 +
31 17 ;
22 12 ;
55 39 '
33 25 ;
25 79 #
27 22 :
15 47 ;
58 56 .
2 39 @
53 78 ;
34 11 `
33 36 :
33 79 #
37 68 ,
52 40 #
36 79 #
37 79 #
36 32 :
39 79 #
14 49 ;
22 37 #
12 15 #
43 79 #
41 66 @
45 79 #
2 40 @
47 79 #
24 70 ;
49 79 #
50 79 #
52 70 #
34 45 #
27 26 #
