38 66 '
59 3 ,
7 41 #
6 23 #
10 4 :
40 37 '
64 3 :
65 3 :
74 66 @
1 34 ,
68 3 `
17 44 '
6 4 ;
7 4 :
24 33 '
52 27 '
34 62 '
3 49 `
34 33 '
13 4 :
56 40 '
36 71 '
45 28 '
37 31 '
18 4 ,
6 62 .
46 61 '
63 50 :
22 4 ,
23 4 ,
68 14 '
28 78 '
43 27 '
1 28 ,
28 4 ,
29 4 ,
66 61 '
15 43 '
32 4 :
33 4 :
34 4 :
32 62 '
40 35 '
52 13 :
69 14 `
39 4 ,
64 33 +
68 37 .
42 4 ,
53 59 :
44 4 ,
13 34 '
66 39 #
40 46 .
48 4 ,
49 4 ,
5 80 ,
51 4 ,
52 4 ,
39 45 .
19 20 #
48 76 '
64 6 :
59 4 :
54 10 :
43 16 '
62 4 :
54 77 ;
64 4 :
10 20 '
66 4 :
57 71 :
68 66 :
16 38 '
69 54 :
3 5 :
4 5 :
5 5 :
55 45 '
39 36 '
73 75 #
53 53 :
23 6 ,
76 30 :
52 55 :
36 79 '
14 5 ,
34 36 '
59 55 :
17 5 ,
18 5 ,
19 5 ,
57 57 :
21 5 ,
22 5 ,
23 5 ,
21 17 .
13 51 :
26 5 ,
37 17 '
53 69 '
19 64 ,
54 74 @
21 31 '
32 5 ,
41 38 '
30 25 '
69 53 :
16 20 '
57 15 ;
19 44 '
39 5 ,
40 5 ,
41 5 ,
28 20 '
66 34 `
23 56 .
45 5 .
46 5 .
53 65 ;
67 29 .
72 54 #
50 5 ,
51 5 ,
1 19 .
55 5 :
32 37 '
57 5 :
76 12 ;
4 39 .
32 81 '
33 69 #
-1 17 .
27 36 '
53 35 '
69 34 ,
49 27 '
14 42 '
68 5 :
69 5 ;
70 5 ;
61 25 +
45 54 '
65 57 :
8 34 #
48 40 '
59 25 +
44 62 '
37 12 '
8 6 ,
44 41 '
25 56 `
8 72 #
12 6 ,
6 10 ,
37 62 '
15 6 ,
16 6 ,
17 6 ,
-1 56 `
18 8 ,
73 56 @
37 21 '
50 68 @
44 13 +
66 79 :
60 41 '
26 6 ,
59 79 :
28 6 ,
29 6 ,
20 36 '
31 6 ,
32 6 ,
33 6 ,
31 26 '
35 6 ,
36 6 ,
48 65 '
55 34 '
68 40 .
36 60 .
49 77 '
57 73 :
48 24 '
58 59 ,
41 39 '
46 6 +
70 6 ;
50 14 ,
76 56 :
76 40 :
51 6 ,
53 6 `
47 79 '
69 31 ,
6 38 .
54 50 @
47 66 ;
28 31 '
67 68 :
73 62 ;
21 20 #
63 6 :
57 41 '
-2 34 :
59 41 '
68 23 '
75 60 .
69 6 ;
47 6 .
48 71 '
24 13 .
8 42 '
1 7 :
2 7 ,
75 8 :
4 7 :
30 64 '
49 73 '
8 38 '
25 28 '
52 58 :
10 7 ,
11 7 ,
14 31 '
67 52 :
8 15 `
46 20 '
2 25 ,
66 11 '
18 7 ,
14 38 '
20 7 ,
71 26 ,
62 3 :
63 76 :
13 58 .
59 9 :
26 7 ,
27 7 ,
40 81 '
9 4 :
24 70 .
23 35 '
21 40 '
47 10 '
34 7 ,
33 58 .
42 13 +
37 7 ,
31 68 '
39 7 #
40 7 #
7 82 ;
42 7 '
52 54 :
44 7 '
11 5 :
50 72 '
30 7 ,
22 16 ,
1 25 ,
50 7 ,
41 4 ,
5 34 ,
21 26 '
73 10 `
56 7 :
35 78 '
64 42 '
59 7 :
33 46 #
60 50 :
62 7 :
63 7 :
48 7 .
0 36 ,
61 15 '
67 7 ;
68 7 ;
17 31 '
41 81 '
60 18 ;
65 51 :
73 7 ;
53 76 '
0 8 :
1 8 ,
53 72 @
40 44 '
27 12 .
68 19 '
16 82 @
28 67 '
8 8 ,
58 25 +
-1 74 :
46 71 '
61 32 +
58 55 :
14 8 ,
74 31 .
16 8 ,
53 9 :
19 6 ,
24 19 +
61 36 +
60 7 :
34 57 .
19 63 ,
24 8 ,
59 16 '
19 81 @
4 65 .
3 12 ,
29 8 ,
12 64 .
54 54 :
14 32 '
33 8 ,
52 60 :
44 52 '
36 8 .
-2 50 ,
27 31 '
73 60 :
0 19 .
17 7 ,
22 36 '
43 8 '
3 71 ,
6 60 `
39 16 '
47 8 #
-2 69 :
9 34 #
50 8 `
64 67 ;
53 8 :
20 32 '
-1 54 '
36 4 :
65 63 ;
46 33 '
59 8 :
60 8 :
61 8 :
24 10 .
16 42 '
64 8 :
65 8 :
66 8 ;
59 80 :
68 8 ;
39 76 '
55 72 @
28 63 #
72 8 ;
73 8 ;
74 8 ;
36 7 ,
-1 9 :
0 9 ,
1 9 ,
2 9 ,
19 77 +
61 20 ;
5 9 ,
6 9 ,
7 9 ,
64 18 '
9 9 .
10 9 .
37 57 .
66 43 #
69 24 `
70 52 :
17 8 ,
16 9 ,
15 12 .
15 4 :
52 17 ;
45 9 '
3 61 .
22 9 .
23 57 .
23 70 .
74 12 ;
53 38 '
-1 23 ,
54 39 '
5 33 ,
30 9 ,
31 9 ,
19 66 ,
69 7 ;
58 17 ;
42 66 '
1 44 .
43 76 '
24 61 :
39 9 '
28 42 #
41 9 '
5 71 `
33 77 '
44 9 '
20 9 ,
10 29 '
34 58 .
48 9 #
51 28 '
17 48 #
0 74 ,
27 60 #
13 6 ,
22 75 '
9 23 '
57 9 :
58 9 :
70 71 @
63 17 '
61 9 :
65 40 '
41 64 +
64 9 :
62 63 ;
53 39 '
11 59 ,
57 64 ;
58 13 ;
18 29 '
33 9 ,
72 9 ;
73 9 ;
71 21 ;
23 55 .
55 41 '
57 75 :
1 10 ,
2 10 ,
12 46 +
45 31 '
15 21 +
31 34 '
30 38 '
8 10 .
40 9 '
10 10 .
6 45 ,
12 10 .
59 35 '
4 34 ,
24 31 '
-1 51 +
17 10 ,
49 37 '
19 24 '
34 8 ,
2 8 ,
39 21 '
0 30 ,
62 8 :
46 24 '
26 10 .
24 52 '
0 66 `
17 74 #
30 10 .
31 10 .
32 10 ,
19 51 .
11 12 .
35 10 .
0 54 .
37 10 #
27 42 #
32 31 '
51 42 '
41 10 '
42 10 +
54 35 '
10 64 .
14 30 '
70 76 :
20 15 .
-2 53 :
36 13 +
24 37 '
58 73 :
20 10 ,
12 4 :
0 50 #
68 61 :
1 70 ,
35 62 '
27 11 .
73 33 .
59 78 :
64 10 :
65 10 ;
61 56 ,
68 10 ;
69 10 `
37 76 '
74 10 ;
31 16 #
76 10 :
42 36 '
1 37 ,
12 75 '
1 11 ,
44 65 +
40 18 '
4 11 ,
5 11 ,
27 21 '
27 4 ,
10 40 '
-2 46 ,
22 74 '
11 19 '
75 12 ;
37 8 ,
14 11 .
15 11 .
16 11 ,
17 11 ,
18 11 ,
19 11 ,
11 14 .
47 50 '
67 37 .
3 69 @
12 5 ,
67 62 '
43 50 ,
51 58 :
15 20 '
72 63 :
35 74 '
13 8 ,
32 11 ,
33 11 ,
35 11 .
14 10 .
36 11 #
37 11 '
34 64 '
76 62 :
40 11 '
40 39 '
16 72 #
43 11 +
44 11 +
45 11 '
46 11 '
74 34 .
48 11 '
32 73 '
54 26 '
16 57 ,
17 29 '
54 11 ,
56 11 :
14 15 .
56 71 :
23 37 '
61 11 ;
42 79 '
41 48 .
61 4 :
41 8 '
57 11 :
71 11 .
72 11 .
18 49 +
41 67 #
75 11 ;
76 11 ;
44 46 '
25 53 '
27 74 '
25 30 '
1 12 ,
54 12 ,
55 9 :
25 7 ,
29 10 .
17 34 '
59 66 '
38 17 '
9 12 .
5 81 ,
14 17 #
1 26 ,
13 12 .
21 45 '
56 6 :
14 24 +
13 41 '
34 34 '
19 12 ,
74 71 :
68 45 ,
31 20 '
34 77 '
24 12 .
25 12 .
26 12 .
26 57 #
28 12 .
28 68 +
6 16 `
8 46 #
7 24 '
53 28 '
8 60 .
25 37 '
59 51 :
27 38 '
15 77 +
1 20 .
40 12 +
41 12 +
76 44 :
39 24 '
67 43 .
45 12 +
46 12 '
47 12 '
48 12 '
50 12 .
51 12 :
52 12 :
14 80 #
-1 43 ,
56 12 :
57 12 :
71 71 :
45 70 '
27 59 #
62 12 `
57 34 '
66 12 '
54 36 '
15 64 ,
5 26 `
73 12 ;
-1 49 ,
56 48 @
55 61 +
36 47 @
-2 13 :
-1 13 ,
0 13 ,
1 13 ,
24 21 '
62 77 :
4 13 ,
20 60 ,
6 13 `
72 56 :
48 21 '
21 42 '
37 66 +
11 13 .
12 13 .
13 13 .
14 13 .
15 13 .
20 39 '
37 56 .
18 13 ,
57 58 ,
57 8 :
21 13 ,
48 38 '
57 76 :
72 6 ;
26 39 '
26 13 .
39 8 '
28 13 .
13 73 ;
73 11 ;
31 13 .
32 13 .
41 68 +
34 13 .
30 46 ,
48 77 '
45 46 '
38 13 '
61 29 +
40 13 +
41 13 +
17 80 #
61 35 '
10 5 :
45 13 +
46 13 '
47 13 '
58 11 :
50 13 ,
42 16 '
39 41 #
63 46 :
54 13 ,
72 38 ,
50 70 ;
69 9 ;
59 13 '
63 43 '
67 33 .
64 13 `
67 63 '
68 13 '
36 9 .
74 13 ;
70 15 `
50 74 '
78 13 `
-2 14 ,
-1 14 ,
21 23 '
1 14 ,
71 33 ,
45 74 '
32 28 '
5 14 .
38 64 '
7 14 .
8 14 `
9 14 .
51 14 :
61 38 '
15 80 #
3 48 #
58 35 '
15 14 .
16 14 .
49 18 '
65 81 :
19 14 .
74 32 .
21 14 ,
19 49 #
21 10 ,
24 14 .
39 10 '
34 70 '
29 56 '
9 29 '
30 20 '
23 64 ,
3 43 `
32 14 .
33 14 .
62 22 '
6 64 .
23 41 '
37 14 '
42 47 '
39 14 +
28 35 '
41 14 +
42 14 +
5 35 ,
63 55 :
45 14 +
2 43 .
35 41 '
38 15 '
48 6 .
51 53 @
11 79 +
53 14 ;
5 52 `
39 53 .
69 61 :
58 14 ;
60 78 :
39 69 '
32 66 '
64 14 ;
45 72 '
48 34 '
41 58 .
29 42 #
71 60 :
34 46 #
75 14 ;
76 14 ;
78 14 `
-2 15 ,
-1 15 ,
31 22 '
1 15 ,
36 57 .
38 40 #
44 20 '
5 15 .
6 15 `
7 15 `
17 72 +
36 12 #
18 12 ,
11 15 .
12 15 .
13 15 .
49 38 '
15 15 .
2 38 ,
72 21 '
70 47 ,
45 61 '
0 43 ,
65 27 `
23 45 '
23 15 ,
24 15 .
25 15 .
40 59 .
33 44 .
28 15 .
9 7 ,
60 20 ;
49 66 @
32 15 +
33 15 @
34 15 #
25 26 '
64 49 :
37 15 '
53 81 '
30 30 '
40 15 '
41 15 '
17 25 '
10 28 '
9 38 '
17 17 .
46 15 +
66 28 ;
48 15 '
50 15 `
51 15 :
47 65 +
53 15 ;
54 15 ,
57 51 :
42 75 '
58 15 ;
26 41 '
70 19 '
62 15 `
70 35 ,
34 79 '
25 24 '
34 43 '
39 39 ;
60 47 @
59 50 :
51 29 '
7 70 `
72 66 :
15 81 #
-2 16 ,
-1 16 ,
0 16 .
65 79 :
28 61 #
55 60 ;
9 77 #
15 30 '
65 11 ;
7 16 `
12 23 +
9 16 `
72 59 :
70 80 :
20 24 '
61 81 :
37 70 '
73 41 ,
16 16 .
23 69 ,
18 16 .
19 16 .
61 39 '
21 16 .
18 21 '
9 15 `
26 54 '
26 44 '
26 16 .
27 16 `
28 16 :
57 54 :
30 16 #
42 6 #
32 16 #
33 16 +
34 16 '
50 82 '
65 82 :
69 75 :
51 25 '
60 73 :
40 16 '
38 26 '
43 17 '
9 45 '
44 16 '
60 46 ;
36 49 :
47 16 '
48 16 '
27 50 '
35 15 #
36 59 .
53 16 ;
62 52 :
65 64 ;
5 76 ,
33 52 .
12 61 .
36 30 '
-2 54 #
15 17 #
69 16 `
35 67 +
74 16 '
33 42 '
46 17 '
27 13 .
45 44 '
41 17 '
41 31 '
1 17 .
2 17 .
3 17 .
4 17 .
5 17 `
59 30 +
7 17 `
41 70 '
55 63 ;
4 18 `
8 44 '
53 78 '
13 17 #
50 57 :
51 76 +
26 31 '
54 9 :
12 69 ,
8 28 '
20 17 .
4 14 ,
30 31 '
54 55 :
62 43 '
25 17 `
37 23 '
60 17 :
28 17 #
13 35 '
31 42 '
69 55 :
71 32 ,
45 58 '
70 36 .
35 73 '
78 11 `
22 57 ;
54 49 @
39 17 '
44 19 '
18 51 .
42 17 '
51 13 :
52 51 @
66 18 '
75 62 .
5 30 ,
18 26 '
49 17 '
46 39 '
19 9 ,
51 38 '
64 70 :
46 37 '
56 17 :
57 17 ;
60 77 :
50 54 @
62 32 '
61 17 ;
62 17 '
50 40 '
34 40 '
59 52 :
66 17 ;
67 17 ;
68 17 ;
29 59 '
70 17 ;
71 17 ;
-2 56 #
61 64 ;
74 17 ;
70 39 .
60 38 '
26 14 .
54 59 #
0 18 .
62 50 :
2 18 .
3 18 .
10 17 '
27 18 '
6 18 `
45 39 '
75 21 ;
23 77 '
25 34 '
60 52 :
49 79 '
62 58 ,
15 41 '
5 74 ,
60 29 '
17 18 @
13 64 .
19 18 .
22 14 ,
21 18 `
25 60 .
59 5 :
49 49 '
66 41 #
26 18 #
42 15 '
30 73 '
56 65 :
30 18 '
31 18 '
64 39 '
31 64 '
67 51 :
50 55 '
55 24 +
37 18 '
44 39 '
36 35 '
3 11 ,
20 11 ,
42 18 '
43 18 '
29 5 ,
32 9 ,
32 21 '
59 67 ;
48 18 '
40 6 +
52 18 ;
53 18 ;
54 18 ;
55 18 ;
56 18 ;
74 64 @
16 23 +
59 18 ;
3 23 .
76 72 :
76 26 :
13 63 .
8 9 ,
65 18 ;
35 82 '
49 57 @
3 38 .
69 18 ;
39 51 .
43 41 '
50 46 '
73 18 ;
74 18 ;
30 77 '
33 80 '
32 35 '
-1 19 .
-1 69 ,
63 56 :
63 36 '
52 50 ;
4 19 .
52 49 ;
19 43 '
7 19 #
8 19 #
9 19 '
33 65 '
11 9 .
44 5 `
5 12 .
73 63 '
15 19 '
16 19 '
17 19 #
72 25 ,
41 51 .
54 6 :
61 18 ;
52 32 '
21 7 ,
37 53 +
25 19 '
71 28 ,
17 22 +
44 68 '
6 19 `
30 19 '
27 8 ,
1 38 ,
59 22 ;
5 21 `
35 19 '
36 19 '
37 19 '
38 19 '
25 72 '
17 71 ,
39 46 .
42 19 '
52 65 '
40 17 '
45 19 '
46 19 '
47 19 '
60 70 '
49 19 '
6 69 '
-2 17 ,
39 62 '
54 19 ;
69 30 ,
25 36 '
35 14 #
6 12 `
59 19 ;
60 19 ;
11 21 +
45 34 '
51 59 :
14 41 '
75 71 :
67 40 .
67 19 ;
5 8 ,
69 19 '
43 51 .
3 9 ,
4 61 `
27 19 '
74 19 '
76 19 .
77 19 `
47 41 '
-1 20 ,
0 20 .
39 12 '
52 14 :
60 39 '
4 20 .
61 16 '
40 69 '
7 20 #
8 20 '
9 20 '
3 29 ,
11 20 '
31 23 '
13 20 '
14 20 '
38 49 .
21 46 '
16 32 '
18 20 '
56 4 `
47 44 '
42 39 '
19 7 ,
23 20 '
24 20 '
52 70 @
26 20 '
25 80 '
30 61 '
-1 12 ,
29 14 .
-2 59 #
46 35 '
37 74 '
34 20 '
71 59 :
37 51 .
32 63 '
74 60 @
70 65 :
40 20 '
59 17 ;
63 62 ;
43 20 '
6 34 ,
45 20 '
42 25 '
62 19 ;
16 68 ,
22 53 .
70 45 ,
51 20 +
72 33 ,
29 47 +
55 20 ;
56 20 ;
45 52 '
74 11 ;
8 79 ,
30 15 `
54 47 '
62 20 '
63 20 ;
64 20 '
37 4 :
66 20 '
63 4 :
40 79 '
-1 71 ,
70 20 '
21 9 .
72 20 '
16 18 #
8 13 .
3 13 ,
50 45 '
0 21 ,
53 74 ;
6 6 ,
6 46 :
25 41 '
29 11 .
42 29 '
7 21 +
63 23 '
35 53 .
10 21 '
27 77 '
10 18 #
3 21 .
29 40 '
7 66 .
69 27 ,
4 15 ,
26 34 '
-1 76 :
20 21 @
21 21 '
22 21 '
29 46 '
32 24 '
37 60 .
69 17 '
71 69 :
28 21 '
29 21 '
-1 75 :
31 21 '
76 23 :
67 20 ;
60 75 :
35 21 '
36 21 '
21 6 ,
62 11 `
22 10 .
40 21 '
4 23 `
42 21 '
17 20 '
44 21 '
45 21 '
41 61 '
40 68 #
35 33 '
49 21 '
10 31 '
51 21 '
52 21 +
39 63 '
19 69 ,
3 70 .
57 21 ;
11 64 .
59 21 ;
40 36 '
61 21 ;
62 21 ;
73 44 ,
10 34 '
65 21 '
66 21 '
67 21 '
42 27 '
54 79 '
9 66 .
30 80 '
5 42 `
8 18 '
53 32 '
37 82 '
11 29 '
31 51 .
1 22 ,
2 22 .
3 22 .
10 39 '
65 45 +
5 40 .
13 69 ,
9 11 .
38 73 '
3 28 ,
11 22 +
12 22 +
56 67 ;
14 22 +
20 46 '
50 32 '
43 31 '
18 22 '
19 22 '
20 22 '
21 22 '
22 22 '
30 68 '
44 70 '
25 22 '
51 23 '
56 61 '
28 22 '
37 65 +
30 22 '
0 15 ,
14 64 .
72 76 :
45 68 '
35 22 '
32 19 '
34 75 '
1 33 ,
44 82 '
1 47 ,
65 35 #
42 22 '
43 22 '
28 10 .
45 22 '
64 48 ,
61 33 +
48 22 '
3 47 .
52 48 '
18 46 '
49 67 #
6 63 .
56 22 .
2 33 ,
58 22 ;
16 34 '
22 33 '
61 22 '
34 14 .
25 49 '
14 73 `
65 22 '
4 36 ,
20 35 '
4 12 ,
69 22 '
70 22 '
72 19 '
73 35 .
75 22 :
44 54 +
47 46 '
20 52 .
0 23 .
21 36 '
67 6 :
39 29 '
41 21 '
4 28 ,
30 14 .
9 58 `
23 26 '
73 38 ,
10 23 +
42 54 .
63 71 :
13 23 +
23 72 #
15 23 +
33 13 .
17 23 '
64 66 ;
53 4 :
33 54 .
6 71 #
37 42 #
49 5 ,
52 22 '
25 23 '
62 69 '
34 9 ,
28 23 '
29 23 '
30 23 '
25 55 @
32 23 '
58 53 :
56 77 ,
35 23 '
36 23 '
25 58 .
38 23 '
39 23 '
46 34 '
-1 40 ,
42 23 '
43 23 '
2 78 ,
45 23 '
46 23 '
15 48 .
35 17 '
49 23 '
48 72 '
26 22 '
52 23 '
53 23 '
54 23 +
65 38 +
47 26 '
68 31 ,
1 48 .
38 53 .
59 20 ;
14 70 ,
75 17 ;
74 58 @
74 14 ;
72 32 ,
53 62 '
69 23 '
70 23 ,
9 49 .
5 22 `
27 61 '
52 31 '
37 22 '
-2 24 ,
15 46 '
63 67 ;
36 26 '
2 24 .
5 65 .
4 24 .
5 24 :
6 24 #
32 12 .
8 24 '
41 74 '
19 53 .
50 53 @
12 24 +
70 75 :
60 55 :
52 44 '
16 24 '
17 24 '
40 41 '
12 16 `
65 59 :
51 17 :
22 24 '
53 37 '
24 24 '
53 79 '
26 24 '
27 24 '
28 24 '
33 28 '
30 24 '
31 24 '
56 21 ;
39 49 .
11 41 '
35 24 '
63 19 ;
9 24 '
-2 20 ,
43 12 +
60 49 :
41 24 '
42 24 '
66 48 @
31 62 '
45 24 '
60 74 :
47 24 '
26 45 '
42 37 '
69 50 ,
51 24 '
46 27 '
17 38 '
55 38 '
36 18 '
56 24 +
57 24 ;
63 24 ;
64 24 '
50 35 '
66 24 '
67 24 '
5 64 .
69 62 :
70 68 :
31 46 .
50 6 ,
74 24 ,
22 79 #
38 46 .
-2 25 :
4 31 ,
47 36 '
19 10 ,
16 7 ,
24 29 '
4 25 ,
5 25 ,
6 25 #
73 76 :
8 25 '
29 19 '
10 25 +
26 8 ,
12 25 +
13 25 +
14 25 +
15 25 '
43 33 '
5 18 `
18 25 '
0 44 .
58 77 :
53 61 :
22 25 '
41 47 .
24 25 '
-2 55 #
61 62 ;
48 32 '
26 61 .
29 25 '
30 29 '
-2 32 :
32 25 '
48 55 :
52 35 '
22 18 .
60 6 :
37 25 '
38 25 '
39 25 '
40 25 '
41 25 '
38 21 '
37 40 #
34 61 '
5 61 .
2 40 .
47 25 '
19 13 ,
31 66 +
50 25 '
-1 33 ,
52 25 '
25 10 .
54 25 '
55 25 '
33 63 '
59 47 @
54 81 '
5 6 :
20 25 '
71 5 ;
63 25 `
75 9 ;
71 12 ;
66 25 '
67 25 '
70 25 '
71 25 :
18 19 #
35 57 #
24 35 '
75 25 :
16 28 '
49 81 '
-1 26 ,
0 26 ,
76 63 :
2 26 ,
33 35 '
69 20 '
0 24 ,
20 20 @
56 31 '
8 26 '
44 51 '
72 35 .
2 47 .
33 62 '
13 26 +
64 27 '
15 26 '
67 57 :
72 37 ,
48 17 '
64 40 '
76 46 :
43 32 '
22 26 '
8 23 '
1 39 .
54 44 '
26 26 '
27 26 '
9 68 .
64 75 :
0 14 ,
34 6 ,
43 59 '
33 26 '
72 75 ,
28 30 '
43 6 #
41 18 '
38 75 '
39 26 '
58 4 :
16 17 `
42 26 '
37 61 .
5 43 `
2 27 ,
20 41 '
71 63 :
65 53 :
12 9 .
50 26 '
51 26 '
68 22 '
53 26 '
58 56 :
55 26 '
56 26 +
57 26 +
-1 46 ,
35 37 '
73 29 ,
61 26 @
1 65 '
17 21 '
64 60 '
66 26 :
69 26 ;
73 69 :
23 19 #
72 26 ,
25 79 '
74 26 :
63 40 '
45 48 '
73 45 ,
55 36 '
10 49 .
50 34 '
68 62 ,
5 32 ,
4 27 ,
5 27 .
6 27 #
28 9 ,
8 27 '
9 27 '
21 24 '
49 50 '
12 27 +
17 14 .
14 27 '
31 32 '
11 25 +
17 27 '
3 68 #
19 27 '
20 27 '
51 56 :
76 21 :
35 49 #
24 27 '
74 72 :
26 27 '
57 38 '
65 65 ;
29 27 '
66 53 :
20 19 `
45 38 '
33 27 '
2 61 .
35 27 '
29 29 '
-1 11 ,
24 16 .
39 27 '
46 31 '
64 15 ;
71 61 :
63 44 '
44 27 '
45 27 '
17 66 ,
47 27 '
12 49 .
19 59 ,
33 59 .
48 58 @
46 14 +
53 27 '
75 49 :
41 6 #
56 27 '
17 53 ;
48 74 '
59 27 +
22 77 '
61 27 +
27 70 '
61 34 +
21 15 ,
6 7 ,
36 34 '
16 21 ;
16 4 :
53 42 '
20 51 .
33 70 '
45 73 '
9 43 '
29 81 '
26 71 '
65 71 :
53 7 :
24 72 #
2 28 ,
33 66 +
7 26 '
5 28 .
6 28 '
32 30 '
19 17 .
9 28 '
43 15 +
34 60 .
50 63 :
5 73 ,
75 31 .
15 28 '
4 69 #
17 28 '
18 28 '
13 79 #
41 35 '
39 11 '
22 28 '
52 61 :
57 6 :
3 20 .
20 28 '
27 28 '
28 28 '
63 3 :
-2 67 :
5 10 ,
46 58 '
48 13 '
34 28 '
35 28 '
57 30 '
18 63 ,
38 28 '
7 5 :
68 65 ;
33 47 #
65 66 ;
23 34 '
44 28 '
60 42 '
46 28 '
69 45 ,
48 28 '
14 60 ,
26 81 '
59 53 :
12 50 ,
33 12 ,
61 46 ;
53 64 ;
6 8 ,
57 28 +
58 28 '
52 26 '
62 82 :
61 28 +
24 50 '
67 28 ,
30 33 '
69 28 ,
45 8 '
50 48 '
-2 41 ,
73 28 :
63 32 +
3 34 ,
76 16 ;
-2 29 :
-2 11 .
23 46 '
38 30 '
2 29 ,
68 20 '
4 29 ,
48 39 '
6 29 .
7 29 #
35 64 '
28 14 .
17 43 '
46 50 '
30 32 '
13 29 '
59 72 :
15 29 '
25 27 '
18 42 '
20 26 '
23 39 '
26 19 '
25 4 ,
14 45 '
37 46 .
3 25 ,
25 29 '
26 29 '
37 59 .
28 29 '
36 27 '
34 5 ,
31 29 '
9 70 +
18 30 '
34 29 '
65 37 +
13 18 '
37 29 '
47 77 '
47 56 ;
40 29 '
41 29 '
65 54 :
43 29 '
44 29 '
72 27 ,
46 29 '
47 29 '
31 67 +
66 7 :
67 8 ;
75 50 :
52 29 '
31 33 '
54 29 '
55 29 '
56 29 '
18 68 ,
58 29 +
28 79 '
68 24 '
39 13 #
52 63 '
23 31 '
66 29 ,
52 73 '
43 25 '
28 19 '
15 16 .
-2 27 :
21 66 ,
57 4 :
52 76 '
12 30 '
76 29 :
-2 30 :
-1 30 ,
55 39 '
1 30 ,
2 30 ,
60 21 ;
46 67 '
47 17 '
2 55 .
7 30 `
31 77 '
41 41 '
10 30 '
11 30 '
11 31 '
13 30 '
38 70 '
5 20 `
16 30 '
17 30 '
64 69 '
48 33 '
69 38 .
36 29 '
22 30 '
4 6 :
24 30 '
47 4 ,
55 33 '
27 30 '
24 81 #
29 30 '
39 15 '
63 26 `
33 5 ,
3 36 ,
62 53 :
35 30 '
23 67 ,
37 30 '
1 29 ,
46 16 '
40 30 '
26 66 .
42 30 '
43 30 '
44 30 '
45 30 '
57 18 ;
47 30 '
71 74 ,
49 30 '
50 30 '
2 45 `
52 30 '
75 53 ,
54 30 '
11 24 +
50 80 '
10 14 .
50 19 '
39 79 '
60 23 '
-1 42 ,
62 30 +
63 30 #
45 25 '
65 30 .
66 30 .
45 26 '
68 30 ,
58 3 `
13 9 ,
71 30 ,
37 5 ,
73 30 ,
74 30 ,
24 53 #
40 76 '
64 79 :
-2 42 ,
37 78 '
24 11 .
2 31 ,
3 31 ,
76 42 :
20 62 ,
6 31 ,
16 49 .
26 4 ,
0 57 .
50 21 '
26 35 '
34 12 .
13 31 '
14 78 +
40 38 '
16 31 '
16 27 '
18 31 '
19 36 '
20 31 '
20 40 '
66 6 :
47 32 '
23 43 '
2 52 .
48 75 '
26 82 '
20 29 '
29 31 '
47 14 '
14 61 ,
62 14 `
55 68 ;
34 31 '
72 28 ,
1 41 ,
45 4 ,
38 31 '
48 26 '
24 43 '
19 67 ,
42 31 '
73 19 '
44 31 '
26 15 .
42 70 '
2 60 .
68 49 #
49 31 '
50 31 '
53 70 ,
66 58 :
53 31 '
71 37 .
73 24 ,
15 10 ,
57 31 '
58 31 '
15 74 #
67 77 :
61 31 '
72 72 :
70 7 ;
64 31 #
65 31 `
66 31 .
8 36 #
12 21 +
42 34 '
20 38 '
38 38 '
72 31 ,
13 27 '
19 58 ,
3 53 .
76 31 :
31 25 '
-1 32 ,
0 32 ,
44 45 '
2 32 ,
35 9 ,
4 32 ,
31 44 '
52 15 ;
7 32 .
8 32 .
9 32 #
10 32 +
11 32 '
16 5 ,
13 32 '
32 8 ,
49 25 '
26 52 '
17 32 '
18 32 '
22 62 ,
54 8 :
-2 21 ,
25 43 '
23 32 '
24 32 '
25 81 '
23 74 '
27 32 '
28 32 '
29 32 '
31 36 '
15 27 '
32 32 '
33 32 '
15 50 .
59 15 '
46 9 '
25 31 '
23 14 ,
75 72 :
71 43 ,
68 50 :
52 68 '
42 44 '
61 7 :
62 81 :
76 36 ,
38 76 '
75 58 ,
49 32 '
16 22 +
51 32 '
62 67 ;
11 23 +
60 65 '
55 32 '
56 32 '
24 56 .
58 32 '
41 53 .
60 32 '
77 18 ,
17 15 .
74 28 :
50 81 '
64 64 '
10 24 +
30 65 '
47 20 '
69 32 ,
76 39 :
45 18 '
38 16 '
68 6 ;
56 34 '
75 32 .
60 22 '
-2 33 :
56 60 ,
0 33 ,
38 22 '
57 22 ;
58 8 :
51 47 '
58 26 +
37 69 '
38 58 .
61 78 :
9 33 #
53 45 '
11 33 '
52 80 +
13 33 '
69 76 :
15 33 '
16 33 '
17 33 '
57 46 ;
19 33 '
56 28 '
8 82 ;
64 35 +
11 6 ,
36 67 +
52 28 '
26 33 '
2 13 ,
28 33 '
9 72 @
68 28 ,
65 72 :
57 25 +
33 33 '
21 53 .
21 70 ,
36 33 '
11 75 '
38 33 '
11 72 .
40 33 '
41 33 '
62 73 :
39 68 #
14 26 '
45 33 '
38 9 '
76 24 :
19 30 '
51 37 '
8 11 .
51 33 '
52 33 '
53 33 '
54 33 '
26 30 '
64 44 '
57 33 '
58 33 '
59 33 +
60 33 +
29 33 '
62 33 '
40 31 '
40 4 ,
65 33 #
64 43 '
54 58 @
68 33 ,
59 60 '
47 81 '
2 14 ,
-1 27 ,
63 49 :
45 77 '
75 33 .
76 33 ,
30 50 .
7 59 `
0 34 ,
74 50 ,
2 34 ,
75 28 :
34 11 .
76 52 :
43 37 '
11 58 `
73 42 ,
61 48 :
8 31 ,
11 34 '
14 40 '
65 69 ,
22 6 ,
43 5 .
75 73 :
58 19 ;
10 22 +
20 70 ,
22 65 ,
64 55 :
36 74 '
17 65 ,
24 34 '
44 59 '
75 26 :
3 46 `
4 16 .
7 51 `
30 34 '
9 62 .
32 34 '
28 66 #
37 20 '
-1 36 ,
18 34 '
37 34 '
66 45 #
39 34 '
20 63 ,
41 34 '
7 72 '
18 69 ,
66 51 :
-1 53 #
40 23 '
58 79 :
20 81 .
49 34 '
1 27 ,
-2 60 #
52 34 '
53 34 '
54 34 '
38 6 ,
71 77 :
65 12 '
70 37 .
59 34 +
60 34 '
38 79 '
62 34 '
63 34 '
58 76 :
42 40 '
61 67 ;
9 48 .
4 76 ,
68 43 .
38 57 .
56 75 :
72 34 .
73 34 .
17 77 +
55 40 '
1 67 '
46 8 '
56 74 :
33 60 +
1 35 ,
10 68 ,
3 35 ,
27 35 '
12 19 '
6 35 .
7 35 .
8 35 #
23 27 '
53 46 '
11 35 '
12 35 '
57 19 ;
14 35 '
15 35 '
16 35 '
17 35 '
18 35 '
50 79 '
76 34 ,
21 35 '
22 35 '
43 49 +
41 79 '
25 35 '
15 73 .
24 26 '
-2 39 ,
29 35 '
30 35 '
31 35 '
15 79 +
3 26 ,
28 37 '
35 35 '
45 15 +
37 35 '
33 29 '
39 35 '
76 66 @
33 37 '
46 41 '
65 23 '
44 35 '
45 35 '
8 5 :
60 31 +
3 7 :
16 74 #
43 60 '
51 35 '
11 43 '
64 5 :
60 53 :
55 35 '
56 35 '
57 35 '
24 68 .
13 10 .
60 35 '
22 13 ,
40 74 '
48 42 '
76 32 :
13 80 ,
66 44 #
42 59 `
2 51 `
69 35 ,
27 25 '
37 26 '
10 26 #
31 30 '
52 8 :
75 35 ,
76 35 ,
-2 36 ,
-1 35 ,
-2 31 :
1 36 ,
51 74 '
32 33 '
72 79 :
14 28 '
6 36 .
7 36 .
37 68 #
15 22 +
56 36 '
66 69 :
4 80 ,
47 76 '
14 36 '
15 36 '
16 36 '
17 36 '
19 29 '
68 56 :
33 34 '
1 23 ,
67 78 :
23 36 '
24 36 '
56 19 ;
26 36 '
28 82 '
38 80 '
29 36 '
12 26 +
63 68 '
35 16 '
27 46 '
13 16 `
72 47 ,
36 36 '
37 36 '
50 66 #
39 28 '
43 68 '
48 49 '
42 73 '
43 36 '
47 70 '
45 36 '
46 36 '
5 4 ,
48 36 '
52 5 :
50 27 '
8 78 .
52 36 '
53 36 '
70 44 ,
51 46 '
10 36 '
57 36 '
58 36 '
33 17 '
21 27 '
26 77 '
23 63 ,
29 68 '
42 71 '
65 36 #
66 36 '
67 36 .
53 19 ;
47 69 '
19 41 '
74 48 ,
36 48 @
29 78 '
44 44 '
75 36 ,
12 33 '
17 58 ,
72 65 :
62 49 :
6 44 .
-2 66 ,
60 66 ;
47 73 '
5 37 ,
12 72 `
53 43 '
8 37 #
10 80 ,
10 37 '
6 17 `
28 26 '
13 37 '
14 37 '
15 37 '
16 37 '
17 37 '
75 40 :
66 9 ;
20 37 '
59 38 '
22 37 '
59 11 ;
51 10 :
76 28 :
26 37 '
1 77 ,
34 35 '
29 37 '
30 37 '
31 37 '
56 5 ,
42 52 .
50 36 '
45 10 '
36 37 '
37 37 '
57 47 :
39 37 '
4 37 ,
41 37 '
44 78 '
41 62 '
33 64 '
25 20 '
0 31 ,
47 37 '
73 23 :
18 37 '
51 55 :
63 39 '
52 37 '
38 39 #
47 61 ;
59 12 '
56 37 '
57 37 '
26 69 @
4 38 .
45 29 '
12 17 #
62 37 '
63 37 '
14 74 #
7 49 .
66 37 @
22 11 .
56 41 '
69 37 .
58 34 '
54 31 '
41 78 '
73 37 .
74 37 .
74 36 .
76 37 :
3 27 ,
-1 38 ,
6 39 `
48 23 '
7 34 .
68 18 ;
75 15 '
23 73 #
63 77 :
38 14 '
14 33 '
41 16 '
10 38 '
11 38 '
15 66 ,
-2 58 #
33 10 ,
15 38 '
68 11 '
32 41 '
9 21 '
19 38 '
40 55 #
21 38 '
0 73 ,
23 38 '
75 76 ;
31 70 '
26 38 '
24 64 ,
28 38 '
7 64 .
38 68 #
31 38 '
40 45 +
33 38 '
4 33 ,
44 18 '
69 29 ,
37 38 '
13 5 ,
5 36 ,
70 69 :
65 5 :
18 41 '
41 30 '
18 44 '
32 27 '
21 32 '
19 79 +
44 72 '
11 70 ,
59 70 '
1 68 .
52 38 '
49 60 ,
55 66 '
36 66 +
14 72 ;
62 10 .
29 70 '
34 76 '
16 43 '
10 48 .
62 38 '
60 81 :
64 38 '
22 80 .
9 37 '
12 8 ,
73 67 :
16 46 '
70 38 .
71 38 ,
43 54 .
15 18 #
74 38 ,
54 62 '
6 67 .
40 14 +
64 73 :
0 39 ,
4 35 ,
2 39 ,
21 44 '
48 8 @
1 59 ,
0 38 ,
0 41 ,
8 39 '
47 21 '
4 22 .
11 39 '
12 39 '
13 68 ,
48 37 '
31 11 .
16 39 '
17 39 '
34 30 '
19 39 '
16 13 .
21 39 '
18 40 '
66 19 ;
35 8 ,
25 39 '
9 17 `
27 39 '
28 39 '
15 7 ,
30 39 '
31 39 '
12 29 '
33 39 '
48 27 '
46 25 '
36 39 #
37 39 #
23 24 '
71 15 '
59 68 ;
75 38 :
62 6 :
14 23 +
57 52 :
-1 68 ,
41 26 '
32 51 .
71 14 :
46 22 '
27 71 '
51 39 '
52 39 '
42 74 '
75 43 :
10 6 ,
21 51 '
60 60 '
29 80 '
59 39 '
13 11 .
71 31 ,
25 13 .
2 49 '
15 82 #
64 62 ;
46 4 ,
67 39 .
18 58 ,
61 40 '
64 23 '
36 31 '
72 39 ,
-1 39 ,
34 65 '
22 38 '
10 67 .
-2 40 ,
47 53 '
58 70 '
52 56 :
46 43 '
56 68 ;
4 40 `
6 22 #
6 40 `
7 40 #
8 40 '
11 4 :
74 63 @
27 75 '
14 82 ,
13 40 '
45 60 '
15 40 '
16 40 '
17 40 '
22 39 '
33 36 '
73 40 ,
32 7 ,
22 40 '
23 40 '
24 40 '
25 40 '
26 40 '
17 68 ,
28 40 '
14 21 +
30 40 '
31 40 '
10 71 '
22 19 @
67 32 ,
14 51 :
36 40 #
46 78 '
8 69 ;
39 40 #
40 40 '
56 70 '
5 19 `
43 40 '
58 62 ;
45 40 '
46 40 '
47 40 '
36 75 '
49 40 '
60 9 :
57 14 ;
42 68 '
53 40 '
15 9 ,
68 29 ,
29 55 '
45 76 '
58 40 '
59 40 '
60 40 '
69 39 .
62 40 '
64 7 :
68 21 '
62 9 ;
66 40 #
13 7 ,
48 59 @
17 62 ,
66 82 :
71 40 ,
26 46 '
62 5 :
74 40 ,
78 15 .
64 72 :
10 44 '
70 21 '
26 21 '
47 22 '
13 14 .
69 71 @
2 74 ,
71 54 :
6 41 .
1 66 #
37 67 '
64 41 '
10 41 '
67 74 :
12 41 '
59 64 ;
64 19 '
22 67 ,
4 53 `
17 41 '
42 38 '
34 17 '
43 70 '
75 69 :
16 52 :
-2 19 .
63 81 :
42 69 '
21 47 '
55 8 :
28 41 #
50 44 '
1 72 ,
10 69 ,
23 21 '
8 48 .
4 64 .
29 58 '
65 6 :
37 41 #
44 22 '
11 42 '
23 49 '
56 54 :
42 41 '
76 70 :
48 64 #
40 73 '
58 27 '
52 66 '
68 74 :
49 41 '
50 49 '
51 41 '
74 65 @
53 41 '
54 41 '
-1 10 ,
2 46 .
62 39 '
38 8 #
68 58 :
25 6 ,
46 32 '
62 41 '
63 41 '
38 52 .
65 41 '
25 18 #
67 41 `
27 67 #
69 41 .
70 41 .
62 54 :
72 41 ,
24 75 +
74 41 ,
75 41 :
76 41 :
65 39 '
24 73 #
0 42 ,
65 73 :
2 42 .
3 42 .
41 60 `
23 80 ,
7 42 #
73 6 ;
34 22 '
10 42 '
65 20 '
35 46 #
13 42 '
55 82 '
68 72 :
66 33 .
70 8 ;
1 50 ;
70 55 :
20 42 '
23 79 @
37 43 '
57 68 ;
0 28 ,
28 77 '
26 42 '
38 10 '
35 7 ,
2 6 ;
41 43 '
57 39 '
34 18 '
75 16 '
34 42 '
35 42 '
36 42 #
0 71 ,
38 42 #
2 57 .
62 78 :
68 54 :
42 42 '
64 82 :
58 12 :
32 17 '
30 56 ;
47 42 '
63 35 '
49 42 '
50 42 '
7 12 .
52 42 '
16 47 #
44 47 '
5 38 .
26 59 .
41 56 .
-2 18 ,
54 32 '
70 27 .
61 42 '
62 42 '
63 42 '
48 14 '
65 42 '
66 42 #
67 42 `
52 24 '
69 42 .
70 42 ,
71 42 ,
72 42 ,
8 77 `
26 63 .
67 35 .
59 58 @
37 16 '
11 18 '
40 27 '
1 43 .
33 71 '
51 75 +
34 81 '
6 43 :
7 43 #
36 45 `
8 16 `
10 43 '
40 42 '
12 43 '
13 43 '
63 82 :
57 56 :
34 27 '
36 32 '
72 14 :
70 46 ,
20 43 '
21 43 '
22 43 '
5 23 .
63 33 '
22 32 '
26 43 '
27 43 #
16 73 .
46 55 '
48 56 #
31 43 '
32 43 '
33 43 '
32 40 '
10 16 `
56 9 :
29 12 .
66 13 '
39 43 '
76 48 :
51 22 '
42 43 '
49 61 :
44 43 '
45 43 '
39 30 '
47 43 '
41 73 '
49 43 '
50 43 '
51 43 '
52 43 '
35 71 '
54 43 '
55 43 '
56 43 '
57 43 '
49 68 :
59 43 +
60 43 '
27 14 .
19 57 ,
67 23 '
57 62 ;
65 43 '
49 26 '
45 66 #
7 27 '
69 43 ,
25 16 .
64 22 '
75 37 .
73 43 ,
74 43 ,
57 42 '
76 43 :
-2 44 ,
-1 44 ,
21 41 '
67 4 :
60 68 ;
7 44 '
-2 43 ,
9 44 '
49 64 @
38 62 '
71 64 :
13 44 '
74 74 +
54 63 ;
16 44 '
41 66 '
19 80 #
17 67 ,
31 14 .
3 39 .
16 12 .
3 10 ,
24 44 '
25 44 '
33 73 '
27 44 #
72 73 @
29 44 #
31 12 .
38 41 #
13 46 '
64 34 '
34 44 .
27 78 '
36 44 .
29 82 '
38 44 :
30 74 '
3 8 ,
7 22 '
54 7 :
30 82 '
53 20 `
0 62 .
71 78 :
34 26 '
48 44 '
19 15 .
69 64 :
75 59 .
68 16 '
74 68 :
51 16 ;
55 44 '
2 73 ,
57 74 :
58 44 '
59 44 +
60 44 '
61 44 '
11 71 +
49 10 ;
54 68 ;
30 12 .
70 33 ,
41 71 '
68 44 ,
69 44 ,
68 12 '
62 47 @
72 44 ,
74 59 @
45 7 '
42 28 '
42 12 +
28 7 ,
-1 45 ,
75 24 :
1 45 .
32 44 '
11 10 .
7 45 +
63 47 @
22 73 #
-1 77 `
39 64 '
12 45 '
13 45 '
58 38 '
15 45 '
16 45 '
12 40 '
18 45 '
68 71 :
53 82 +
24 63 :
22 45 '
22 15 ,
24 45 '
25 45 '
1 24 .
74 55 ,
28 45 #
29 45 #
30 45 '
31 45 .
32 45 .
38 20 '
34 45 ,
71 50 @
60 27 +
37 45 .
32 46 '
64 16 ;
34 53 .
21 54 .
42 45 '
43 45 '
64 26 '
45 45 '
34 19 '
44 23 '
40 24 '
49 45 '
31 59 '
51 45 '
52 45 '
43 35 '
54 45 '
60 26 +
56 45 '
29 73 '
58 45 '
37 64 '
20 78 '
61 45 '
62 45 '
63 45 '
64 45 '
32 26 '
58 75 :
67 45 .
61 75 :
9 39 '
50 20 '
71 45 ,
72 45 ,
8 30 #
74 45 ,
75 45 :
76 45 :
9 42 '
29 9 ,
43 21 '
1 46 ,
7 81 ,
27 34 '
13 21 +
34 24 '
6 47 @
42 8 '
10 46 #
11 46 #
9 31 #
61 3 :
39 6 .
2 67 #
9 8 ,
17 46 '
18 61 ,
73 16 `
55 6 :
14 16 .
16 78 '
0 29 ,
24 46 '
25 46 '
72 40 ,
52 16 ;
60 51 :
29 17 +
35 13 @
72 24 :
8 7 ,
41 27 '
10 11 .
51 9 ,
44 60 '
44 64 +
58 61 '
76 68 :
0 12 ,
41 46 '
42 46 '
43 46 '
26 50 '
3 30 ,
46 46 '
60 61 '
48 46 '
24 5 ,
72 18 '
72 43 ,
52 46 '
73 77 :
21 55 .
0 78 :
71 66 :
18 33 '
42 60 '
59 46 '
54 71 ,
26 78 '
62 46 ;
65 60 :
1 18 .
65 46 +
66 46 ,
67 46 .
68 46 .
69 46 ,
21 30 '
71 46 ,
12 78 '
13 19 '
74 46 ,
74 22 ;
66 77 :
35 77 '
-1 47 ,
0 47 ,
40 22 '
56 51 :
58 6 :
64 47 @
22 20 #
7 47 #
8 47 '
42 58 .
10 47 ;
11 47 +
12 47 @
33 23 '
61 82 :
15 47 #
69 40 .
19 26 '
23 44 '
24 48 '
75 34 ,
73 78 :
25 47 '
5 39 .
2 41 .
73 79 ;
2 69 .
27 47 '
28 47 '
54 20 ;
13 76 '
31 71 '
32 47 #
19 8 ,
7 18 `
72 46 ,
53 10 :
6 21 #
38 47 .
34 66 '
46 74 '
57 77 :
22 61 ,
43 47 '
9 22 '
45 47 '
58 18 ;
53 52 ,
48 47 '
40 28 '
50 47 '
34 38 '
52 47 '
53 47 '
15 42 '
55 47 ;
56 47 ;
38 37 '
45 6 #
14 63 .
72 15 ;
61 47 @
71 44 ,
73 46 ,
5 47 '
65 47 @
66 47 @
67 47 +
68 47 .
0 10 ,
18 15 .
71 47 ,
35 36 '
72 52 @
46 21 '
56 58 @
76 47 :
29 50 .
35 79 '
0 48 ,
34 10 ,
66 81 :
24 47 '
21 25 '
19 73 `
7 48 `
7 60 .
48 35 '
68 41 .
28 51 '
1 21 .
13 48 .
14 48 .
33 56 .
16 48 #
-2 61 +
18 48 #
19 48 '
20 48 '
10 33 '
22 48 '
23 48 '
62 13 `
25 48 '
26 48 '
31 74 '
28 48 '
52 69 .
39 32 '
31 48 .
32 48 #
72 5 ,
34 48 #
23 53 :
72 36 .
38 74 '
38 48 .
39 48 .
40 48 .
21 28 '
42 48 `
61 37 '
60 71 :
31 58 '
53 54 ,
35 4 :
57 63 ;
49 48 '
2 59 .
51 48 '
64 77 :
53 48 ;
5 13 `
3 78 ,
12 11 .
12 73 #
58 48 @
59 48 @
69 79 :
49 8 .
62 48 ,
63 48 ,
44 10 '
65 48 ;
56 25 '
74 25 :
44 58 '
69 48 '
70 48 ,
71 48 ,
72 48 ,
73 48 ,
45 50 '
75 48 :
43 73 '
65 67 '
25 9 .
0 49 .
43 82 '
49 33 '
30 47 .
9 10 .
6 49 .
35 29 '
8 49 .
15 39 '
8 61 .
75 46 :
68 15 '
13 49 .
14 49 .
15 49 .
20 67 ,
31 55 .
49 39 '
44 14 +
63 21 ;
21 49 '
69 69 :
26 75 '
24 49 '
12 80 .
26 49 '
70 78 :
28 49 '
29 49 .
30 49 .
27 5 ,
46 82 '
33 49 #
16 55 `
9 35 '
41 77 '
37 49 .
28 11 .
33 24 '
58 30 +
41 49 .
18 38 '
30 41 '
22 71 .
45 49 '
46 49 '
47 49 '
69 58 :
24 18 @
50 41 '
9 80 ,
75 55 ,
24 76 #
71 80 ,
55 49 @
56 49 @
57 49 :
58 49 ,
20 44 '
27 48 '
61 49 :
3 33 ,
71 22 ;
50 29 '
65 49 :
66 49 :
67 49 ,
23 30 '
69 49 @
61 61 '
71 49 ,
72 49 ,
40 57 .
73 51 ,
42 33 '
76 49 :
75 10 ;
-1 50 ,
56 10 :
20 57 ,
2 50 `
3 50 `
4 50 .
44 6 #
6 50 `
7 50 ,
8 50 :
9 50 :
10 50 :
11 50 :
25 33 '
24 66 ,
14 50 .
34 32 '
16 50 .
17 50 .
70 43 ,
19 50 `
25 14 .
21 50 #
44 40 '
23 50 '
13 39 '
22 50 ;
19 78 '
38 81 '
28 50 '
51 72 '
49 7 .
31 50 .
32 50 .
33 50 .
34 50 .
35 50 #
1 52 .
37 50 .
38 50 .
39 50 .
40 50 .
41 50 .
42 50 .
43 61 '
31 69 #
75 39 :
36 82 '
21 11 ,
48 50 '
11 27 +
50 50 '
43 38 '
3 19 .
13 78 +
37 73 '
55 50 ,
51 40 '
35 55 @
58 50 :
47 48 '
48 68 ;
61 50 :
62 56 :
39 19 '
15 58 ,
30 79 '
66 50 :
67 50 :
41 32 '
16 58 ,
51 34 '
75 74 ,
31 65 '
73 50 ,
67 3 :
74 15 ;
76 50 :
-2 51 ,
16 10 ,
14 59 ,
69 81 :
68 35 ,
3 51 .
4 51 .
35 48 #
6 51 ,
29 34 '
25 5 ,
24 60 .
61 30 '
16 51 .
56 46 '
65 74 :
71 65 :
20 34 '
8 71 .
22 51 #
23 51 '
21 64 ,
25 51 '
11 36 '
27 51 '
11 48 .
29 51 `
30 51 .
36 72 '
47 39 '
33 51 .
53 17 ;
35 51 @
33 7 ,
47 54 '
71 19 '
53 56 :
40 51 .
-1 21 ,
42 51 .
13 36 '
48 61 @
45 51 '
46 51 '
47 51 '
48 51 '
31 78 '
50 51 ;
51 51 '
44 17 '
53 51 @
12 38 '
-2 68 :
0 40 ,
56 15 ;
58 51 :
22 29 '
14 29 '
61 51 :
62 51 :
7 8 ,
64 51 :
74 47 :
44 34 '
18 60 ,
12 36 '
69 51 :
6 61 .
71 51 @
72 51 ;
13 77 +
74 51 ,
75 51 ,
76 51 :
-2 52 .
-1 52 #
0 52 `
75 56 ,
50 37 '
15 63 ,
4 52 .
47 68 '
15 52 ;
0 53 .
17 52 ;
18 52 .
23 13 .
29 61 '
18 18 `
22 52 ,
18 67 ,
27 10 .
25 52 '
73 70 :
27 52 '
28 52 '
29 52 `
30 52 .
44 38 '
41 28 '
62 16 `
34 52 .
53 12 :
36 52 #
63 69 '
9 25 '
39 52 .
35 38 '
48 80 '
60 80 :
43 52 .
71 20 '
20 18 .
46 52 '
47 52 '
48 52 '
50 71 '
50 52 ;
34 59 .
52 52 @
9 63 .
60 63 ;
9 30 '
37 80 '
32 36 '
58 52 :
65 17 ;
29 43 #
61 52 :
60 3 :
63 52 :
64 52 :
65 52 :
66 52 :
18 36 '
54 65 ;
69 52 :
68 32 ,
71 52 #
45 63 '
73 52 .
74 52 ,
38 34 '
24 42 '
31 63 '
71 36 .
58 42 '
1 53 .
2 53 ,
22 8 ,
71 6 ;
5 53 `
15 53 `
16 53 ,
57 27 +
67 72 :
68 34 ,
0 35 :
67 18 ;
49 20 '
5 51 :
75 30 ,
-2 12 :
26 53 '
21 79 #
28 53 '
71 39 ,
30 53 .
31 53 .
32 53 .
33 53 .
13 60 ,
26 11 .
36 53 #
32 52 .
61 23 '
39 18 '
40 53 .
30 17 '
42 53 .
43 53 .
44 53 +
45 53 '
46 53 '
68 69 :
73 39 ,
7 39 #
22 12 ,
76 61 :
52 53 :
66 3 :
54 53 :
55 53 :
0 70 ,
52 19 `
61 13 ;
49 9 :
62 80 :
61 53 :
75 66 @
63 53 :
18 10 ,
30 21 '
73 13 `
23 9 .
71 62 :
35 5 ,
70 53 :
71 53 :
72 53 @
73 53 +
74 53 ,
17 45 '
76 53 :
66 16 .
27 41 '
36 10 #
1 54 ,
2 54 .
3 54 .
16 54 `
17 54 ,
31 15 .
19 54 :
20 54 ,
41 45 '
55 27 '
10 15 .
33 72 '
25 54 #
38 27 '
16 25 '
61 60 '
11 62 .
33 81 '
31 54 .
32 54 .
20 23 '
34 54 .
35 54 `
18 6 ,
37 54 #
38 54 #
39 54 #
40 54 .
0 59 .
52 81 +
56 13 :
76 22 :
33 48 #
46 54 '
36 20 '
48 54 ;
49 54 @
48 20 '
28 70 '
16 41 '
67 64 '
31 8 ,
55 54 :
75 23 :
29 16 @
58 54 :
59 54 :
60 54 :
61 54 :
39 70 '
59 81 :
64 54 :
37 47 .
66 54 :
67 54 :
41 42 '
78 16 `
70 54 :
5 41 .
23 23 '
59 69 '
56 73 :
75 54 ,
76 54 :
49 55 @
-1 55 `
0 55 .
1 55 ,
70 81 :
15 55 `
75 44 :
17 55 ,
59 37 '
19 55 .
20 55 :
54 46 '
22 55 .
28 56 '
24 55 .
15 67 ,
70 70 :
23 42 '
28 55 '
52 78 '
41 7 '
17 49 .
32 55 .
22 7 ,
35 65 '
4 9 ,
36 55 #
37 55 .
44 73 '
39 55 :
68 64 '
41 55 .
42 55 .
43 55 .
44 55 +
45 55 '
29 15 .
47 55 '
60 4 :
13 24 +
25 57 .
54 16 ,
1 31 ,
46 30 '
23 17 .
55 55 :
56 55 :
61 63 ;
2 16 .
12 32 '
17 12 ,
61 55 :
62 55 :
57 32 '
38 72 '
65 55 :
66 55 :
67 55 :
68 55 :
31 17 '
19 42 '
71 55 :
72 55 ,
73 55 @
27 45 '
64 29 :
15 70 ,
72 17 ;
19 46 '
68 9 ;
1 56 .
2 56 .
14 56 `
15 56 `
16 56 ,
17 56 ,
30 62 '
19 56 ,
20 56 ,
21 56 :
22 56 .
23 54 .
15 44 '
19 40 '
26 56 #
27 56 '
64 25 '
68 67 :
46 42 '
58 41 '
32 56 .
47 23 '
19 68 ,
56 66 '
36 56 `
17 13 ,
46 59 ;
39 56 .
40 56 .
10 76 '
14 14 .
43 56 .
44 56 '
63 22 '
46 56 '
64 61 '
50 28 '
49 56 @
9 74 '
60 36 +
46 38 '
70 18 ;
54 56 ,
55 56 :
56 56 :
31 4 :
51 11 :
21 72 .
60 56 '
57 61 '
43 67 #
49 36 '
64 56 :
9 40 '
66 56 :
67 56 :
19 31 '
69 56 :
73 47 ,
71 56 :
7 13 `
20 6 ,
74 56 #
18 43 '
10 75 '
-2 57 #
-1 57 .
14 9 ,
1 57 .
55 30 '
21 76 '
52 11 :
17 57 ,
18 57 ,
24 17 .
49 28 '
21 57 ,
73 27 ,
28 8 ,
24 57 .
58 7 :
7 67 .
27 57 #
2 79 ,
29 57 '
30 57 '
31 57 .
10 65 .
33 57 .
23 8 ,
23 28 '
2 15 ,
7 28 #
70 34 ,
73 64 +
73 49 ,
41 57 .
71 68 :
43 57 `
42 35 '
14 77 +
28 65 #
47 57 ;
32 39 '
14 46 '
27 55 '
51 57 :
52 57 :
53 57 :
54 57 ,
55 57 @
11 37 '
11 26 +
58 57 ,
59 57 @
60 57 @
61 57 @
62 57 ,
63 57 ,
28 34 '
12 63 .
27 64 ,
29 7 ,
68 57 :
69 57 :
46 77 '
71 57 :
72 57 :
73 57 @
61 71 :
75 57 ,
76 57 :
36 81 '
-1 58 .
0 58 .
24 7 ,
2 58 .
42 64 '
31 61 '
54 48 ;
12 58 `
1 58 .
14 58 ,
64 50 :
50 24 '
71 58 :
36 61 .
55 31 '
47 75 '
20 14 ,
73 66 +
23 58 .
22 44 '
20 66 ,
26 58 `
27 58 #
28 58 '
28 36 '
30 58 '
62 18 ;
27 76 '
59 28 +
30 36 '
35 58 .
36 58 .
39 31 '
7 33 .
39 58 .
40 58 .
33 25 '
9 47 ;
59 29 '
68 48 @
54 24 '
49 46 '
46 18 '
51 27 '
49 58 ;
43 72 '
72 58 :
2 12 ,
53 58 :
43 78 '
55 58 @
75 47 :
48 25 '
60 28 +
61 5 :
60 58 @
44 15 +
53 11 :
8 59 .
64 58 :
65 58 :
55 52 :
67 58 :
22 31 '
45 42 '
70 58 :
72 12 ;
61 10 ;
73 58 '
21 48 '
26 80 '
15 51 :
63 38 '
-1 59 `
41 54 .
23 47 '
5 62 .
46 72 '
63 58 :
9 59 .
49 29 '
67 9 ;
-1 63 #
13 59 ,
0 51 @
15 59 ,
16 59 ,
56 38 '
18 59 ,
33 40 '
21 65 ,
7 62 .
22 59 ,
23 59 ;
24 59 .
25 59 .
12 65 .
36 25 '
28 59 '
24 65 ,
30 59 '
9 5 :
32 59 ;
21 61 ,
51 52 @
35 59 .
-1 22 ,
27 29 '
38 59 .
39 59 .
4 10 ,
41 59 .
75 42 :
32 71 '
27 17 #
45 59 '
38 56 .
47 59 :
21 8 ,
-2 48 :
50 59 :
63 59 :
52 59 :
70 49 @
1 49 #
12 76 '
56 59 @
57 59 .
36 54 #
35 75 '
5 72 .
61 59 '
62 59 :
36 24 '
49 70 '
36 41 #
66 59 :
67 59 :
6 20 .
69 59 :
70 59 :
35 20 '
4 30 ,
73 59 :
2 35 ,
51 44 '
76 59 :
50 4 ,
47 47 '
0 60 `
1 60 '
47 31 '
3 60 `
39 33 '
33 41 '
12 31 '
9 60 .
10 60 .
11 60 .
12 60 ,
32 38 '
5 50 .
15 60 ,
16 60 ,
17 60 ,
32 42 '
19 60 ,
31 49 .
21 60 ,
22 60 ,
65 76 :
35 40 '
40 47 .
26 60 .
38 12 '
28 60 +
29 60 '
30 60 '
31 60 '
3 72 ,
27 68 #
11 28 #
35 60 .
26 79 '
47 71 '
38 60 .
51 77 +
40 60 .
46 7 #
36 51 +
47 35 '
36 46 @
53 29 '
69 68 :
47 60 :
26 32 '
55 37 '
50 60 :
51 60 :
41 36 '
7 37 +
32 20 '
19 25 '
22 41 '
57 60 :
58 60 '
29 48 .
33 45 .
13 72 ,
62 60 '
46 66 #
39 57 .
36 38 '
66 60 ,
67 60 :
48 5 ,
40 77 '
70 60 :
30 5 ,
72 60 :
-1 31 ,
65 56 :
14 47 #
76 60 :
57 78 :
-1 61 #
44 12 +
73 74 @
5 77 ,
35 39 '
10 70 ,
64 30 #
70 51 ,
7 61 .
5 49 `
9 61 .
21 71 ,
11 61 .
25 38 '
13 61 ,
49 44 '
15 61 ,
16 61 ,
17 61 ,
36 17 '
19 61 ,
20 61 ,
60 45 '
7 38 #
23 61 .
21 34 '
25 61 .
-2 28 :
74 23 :
72 23 `
5 16 `
75 27 :
7 23 '
32 61 '
33 61 '
65 7 :
6 68 '
32 60 '
43 26 '
18 70 ,
39 61 .
40 61 ;
51 30 '
42 61 '
18 9 ,
44 61 '
31 31 '
20 4 ,
27 54 '
68 51 :
35 18 '
50 61 :
51 61 :
73 25 ,
32 64 '
-2 47 :
78 12 `
27 22 '
11 40 '
72 74 @
59 61 '
-2 23 ,
43 4 ,
59 6 :
30 78 '
75 75 @
65 61 '
59 45 '
12 44 '
57 10 :
11 81 ,
44 42 '
17 47 ;
72 61 :
73 61 :
12 48 .
75 61 .
51 69 @
-2 62 `
-1 62 #
0 22 ,
1 62 +
2 62 .
3 62 .
29 38 '
-1 29 ,
67 34 .
56 8 :
8 62 .
64 11 .
10 62 .
29 54 +
12 62 .
13 62 .
14 62 ,
15 62 ,
16 62 ,
71 27 ,
18 62 ,
19 62 ,
5 31 ,
22 66 ,
19 32 '
23 62 ,
73 14 ;
34 47 #
26 62 .
27 62 :
75 18 ;
29 62 '
70 56 :
44 24 '
60 72 :
47 9 '
26 73 '
72 7 ;
36 62 '
14 6 ,
11 44 '
10 72 ,
40 62 '
11 11 .
42 62 '
43 62 '
67 5 :
45 62 +
46 62 '
47 62 ;
50 23 '
46 45 '
50 62 :
25 66 .
61 43 '
2 23 .
53 50 @
55 62 '
56 62 ;
74 42 ,
65 78 :
59 62 ;
60 62 ;
74 39 :
62 62 ;
13 47 #
37 71 '
65 62 ;
24 79 #
25 11 .
42 11 +
8 74 #
70 62 :
68 53 :
72 62 :
49 6 ,
51 62 :
37 24 '
34 25 '
31 5 ,
72 30 ,
0 63 ;
1 63 .
2 63 +
43 66 +
4 63 .
5 63 .
34 51 .
7 63 .
8 63 .
34 39 '
45 16 '
11 63 .
27 81 '
65 24 '
33 30 '
3 52 :
24 39 '
17 63 ,
37 28 '
39 38 '
0 56 `
21 63 ,
22 63 ,
12 81 ,
14 12 .
25 63 .
10 35 '
27 63 ,
71 8 ;
29 63 '
30 63 '
74 9 ;
67 22 '
43 24 '
36 70 '
35 63 '
36 63 '
20 49 #
38 63 '
-2 72 :
40 63 '
41 63 '
42 63 '
43 63 +
44 63 +
20 59 ,
46 63 '
47 63 '
61 80 :
49 63 @
12 28 '
7 73 :
65 34 #
53 63 '
52 67 '
67 44 .
56 63 ;
56 69 '
62 64 ;
59 63 ;
54 52 :
57 55 :
45 41 '
39 77 '
64 63 ;
20 13 ,
66 63 ;
22 27 '
68 63 '
69 63 :
70 63 :
3 79 ,
49 62 '
14 19 '
45 32 '
30 48 .
73 36 .
32 58 .
47 5 .
57 72 :
22 54 .
2 64 '
3 64 ,
69 33 ,
73 20 '
60 25 #
65 4 :
8 64 .
9 64 .
46 76 '
58 21 ;
55 21 ;
21 52 .
32 22 '
65 25 '
72 71 :
72 29 ,
18 64 ,
36 76 '
20 64 ,
69 21 '
22 64 ,
59 10 ;
18 80 #
25 64 .
26 64 .
25 68 .
28 64 #
29 64 '
5 7 :
33 18 '
64 53 :
44 37 '
38 11 '
3 40 .
36 64 '
50 75 '
68 59 :
11 45 '
40 64 +
48 19 '
9 67 .
43 64 +
33 31 '
45 64 +
46 64 '
47 64 '
12 82 :
35 31 '
50 64 :
51 64 '
52 64 '
61 76 :
54 64 ;
74 33 .
56 64 ;
28 57 '
58 64 ;
54 60 :
60 64 ;
73 17 '
0 68 ,
63 64 '
65 32 '
25 8 ,
66 64 ;
43 14 +
70 31 ,
29 41 #
70 64 :
18 50 .
65 26 '
72 64 :
53 55 :
75 64 ,
76 64 :
-2 65 ,
42 56 .
0 65 #
11 49 .
2 65 .
3 65 '
38 35 '
74 57 @
6 65 .
7 65 .
8 65 .
9 65 .
32 57 .
11 65 .
56 42 '
13 65 ,
9 13 .
15 65 ,
16 65 ,
30 44 #
10 61 .
19 65 ,
20 65 ,
18 56 ,
46 80 '
23 65 ,
74 27 :
-2 37 ,
26 65 .
27 65 ;
46 57 '
29 65 '
64 17 ;
72 50 ,
32 65 '
64 36 '
26 25 '
19 37 '
36 65 '
31 28 '
38 65 +
39 65 '
40 65 +
41 65 '
42 65 '
43 65 '
39 42 '
39 75 '
35 25 '
36 28 '
35 45 '
49 65 @
28 81 '
51 65 +
76 67 @
15 31 '
68 52 :
55 65 ;
29 18 '
71 34 ,
58 65 '
55 74 @
59 42 '
30 67 '
19 4 ,
37 81 '
64 65 ;
43 48 '
47 7 #
67 65 '
63 66 ;
-2 64 .
39 20 '
67 53 :
-1 37 ,
-1 72 :
52 41 '
75 65 .
76 65 :
2 37 .
55 76 @
3 63 .
75 52 ,
2 66 `
3 66 +
58 63 ;
5 66 .
6 66 .
58 47 +
8 66 .
25 82 '
34 37 '
11 66 .
76 25 :
13 66 ,
14 66 ,
54 51 ,
16 66 ,
0 61 .
66 65 ;
28 62 #
26 17 @
49 51 '
21 62 ,
23 66 ,
13 50 .
74 62 @
51 50 ;
27 66 #
30 6 ,
29 66 +
30 66 +
39 72 '
75 13 ;
25 50 '
20 12 ,
35 66 '
39 66 '
10 13 .
55 19 ;
59 36 '
40 66 '
0 25 ,
40 8 '
27 15 .
44 66 #
73 31 ,
63 60 '
49 22 '
48 66 ;
16 26 '
38 36 '
51 66 ,
38 24 '
8 43 '
54 66 '
29 24 '
35 56 #
57 66 '
58 66 '
48 60 @
70 32 ,
38 32 '
62 66 ;
34 49 #
18 23 '
49 47 '
66 66 '
67 66 '
74 77 :
69 66 :
70 66 :
24 22 '
76 15 ;
22 58 :
39 47 .
6 30 .
21 59 ,
30 28 '
-1 67 ,
0 67 ,
10 8 ,
45 78 '
3 67 `
4 67 +
5 67 +
76 38 :
25 42 '
8 67 .
56 57 @
32 72 '
11 67 ,
12 67 ,
13 67 ,
14 67 ,
12 20 '
16 67 ,
43 42 '
18 47 '
30 27 '
7 31 .
21 67 ,
14 18 '
65 16 ;
24 67 ,
25 67 .
26 67 .
68 39 .
63 51 :
29 67 '
61 65 '
48 29 '
32 67 +
33 67 '
34 67 +
33 68 '
8 4 :
8 41 '
38 67 '
39 67 '
44 74 '
58 20 ;
42 67 #
51 71 ;
31 56 .
45 67 '
35 43 +
47 67 '
48 67 ;
35 12 ;
43 79 '
51 67 ,
43 28 '
53 67 '
54 67 ;
1 40 .
17 9 ,
57 67 ;
58 67 ;
24 54 #
16 80 #
57 53 :
69 60 :
22 70 ,
20 53 .
9 36 '
66 67 '
67 67 ,
21 12 ,
69 67 :
70 67 :
71 67 :
72 67 :
32 76 '
74 67 :
4 21 `
43 19 '
62 65 '
25 62 .
4 78 ,
53 22 +
2 68 #
22 17 .
4 68 `
5 68 +
9 46 #
7 68 .
41 19 '
12 37 '
10 59 .
11 68 ,
12 68 ,
15 24 +
14 68 ,
15 68 ,
41 20 '
47 33 '
57 29 '
34 56 .
20 68 ,
21 68 ,
45 79 '
23 68 ,
9 41 '
66 57 :
74 35 .
6 14 `
2 19 .
23 22 '
17 59 ,
32 68 '
21 73 #
-1 25 ,
35 68 +
36 68 #
67 31 ,
7 10 .
47 28 '
54 37 '
-1 41 ,
52 40 '
4 79 ,
53 13 :
47 80 '
46 68 '
0 27 ,
44 32 '
58 43 '
59 56 ,
51 68 +
42 32 '
59 75 :
54 38 '
26 51 '
8 29 +
13 22 +
58 68 ;
41 11 +
37 27 '
61 68 ;
62 68 :
3 32 ,
64 68 '
65 68 '
66 68 ,
12 42 '
68 68 :
46 60 ;
58 58 ,
42 57 .
72 68 :
73 68 :
53 44 '
75 68 :
43 75 '
70 30 ,
53 25 '
0 69 ,
1 69 ,
26 47 '
23 11 .
12 66 ,
-2 35 ,
3 74 ,
7 69 '
50 22 '
9 69 ,
74 49 ,
18 53 :
26 9 .
41 44 '
14 69 ,
15 69 ,
16 69 ,
17 69 ,
43 34 '
2 21 .
57 20 ;
30 8 ,
22 69 ,
18 17 .
24 69 .
25 69 .
58 37 '
27 69 #
28 69 #
29 69 #
17 4 :
44 50 '
32 69 #
34 68 +
34 69 #
35 69 #
28 5 ,
6 33 .
38 69 '
48 53 ;
22 42 '
41 69 '
75 67 ;
43 69 '
44 69 '
45 69 '
46 69 '
69 36 ,
48 69 '
49 69 ;
50 69 #
34 82 '
22 23 '
65 19 ;
54 69 '
55 69 '
48 48 '
57 69 ;
58 69 '
-1 64 ,
60 69 '
61 69 '
26 23 '
61 6 :
9 26 '
55 73 @
23 29 '
67 69 :
49 59 ,
21 29 '
54 73 @
6 11 .
72 69 :
18 55 ,
67 75 :
42 49 .
67 27 .
-2 70 :
-1 70 ,
56 53 :
32 29 '
2 70 ,
73 54 @
4 70 '
5 70 #
6 70 ;
70 26 ,
8 70 +
58 10 :
-1 65 ,
35 32 '
6 42 ,
21 58 ,
8 21 '
76 55 :
16 70 ,
17 70 ,
38 61 .
19 70 ,
19 34 '
27 53 '
12 59 ,
22 82 ,
18 66 ,
25 70 :
26 70 #
63 27 '
51 54 ,
23 16 .
30 70 '
13 75 '
32 70 '
67 81 :
42 20 '
35 70 '
23 7 ,
36 5 ,
59 26 +
40 43 '
19 23 '
36 50 `
-2 49 ,
46 26 '
17 51 .
17 16 .
46 70 '
44 36 '
48 70 '
64 59 :
57 13 ;
51 70 @
45 37 '
8 17 `
54 70 '
55 70 '
41 40 '
57 70 '
69 74 :
37 58 .
63 9 :
61 70 ;
62 70 ,
60 79 :
2 11 ,
43 13 +
66 70 :
67 70 :
68 70 :
69 70 :
26 55 #
49 78 '
72 70 :
0 46 ,
74 70 :
75 70 :
71 18 '
-2 71 :
13 38 '
28 27 '
1 71 ,
20 45 '
-2 75 `
4 71 .
21 37 '
30 26 '
30 69 #
56 39 '
9 71 `
1 16 .
62 44 '
5 69 `
13 71 .
14 71 ,
15 71 ,
16 71 ,
40 19 '
18 71 ,
19 71 ,
20 71 ,
18 65 ,
44 49 '
23 71 .
24 71 :
25 71 #
28 25 '
9 73 +
28 71 '
29 71 '
67 82 :
31 47 `
14 39 '
18 54 ,
34 71 '
29 28 '
3 16 .
74 61 @
38 71 '
60 48 #
40 71 '
40 26 '
71 35 .
21 19 `
44 71 '
45 71 '
11 8 ,
25 21 '
27 9 .
62 36 '
49 52 ;
20 50 @
21 78 +
53 71 @
10 63 .
55 71 :
38 5 ,
51 79 '
58 71 ,
59 71 :
44 48 '
48 41 '
62 71 :
22 78 '
64 71 :
70 79 :
66 71 :
67 71 :
19 45 '
3 41 .
72 77 :
70 61 :
16 64 ,
73 71 :
27 80 '
-2 73 :
76 71 :
54 21 `
73 65 @
0 72 ,
9 81 ,
2 72 ,
10 19 '
4 72 ,
60 59 @
6 72 .
54 80 '
23 33 '
4 8 :
54 40 '
70 28 ,
6 37 .
28 54 '
23 60 :
15 72 #
67 30 ,
14 7 ,
18 72 '
19 72 :
20 72 .
44 8 '
22 72 `
43 39 '
7 11 .
21 4 ,
26 72 '
27 72 '
28 72 '
29 72 '
30 72 '
31 72 '
10 27 '
0 75 :
34 72 '
35 72 '
4 41 `
37 72 '
0 37 ,
15 32 '
40 72 '
41 72 '
42 72 '
13 70 ,
54 61 :
24 4 ,
35 44 .
47 72 '
48 62 @
49 72 '
39 81 '
9 18 #
52 72 :
64 57 :
54 72 @
17 42 '
21 69 ,
0 64 #
58 72 :
24 62 :
73 15 ;
61 72 :
62 72 :
63 72 :
4 74 ,
6 32 ,
66 72 :
33 20 '
57 50 :
69 72 ,
70 72 @
71 72 #
12 70 ,
73 72 :
16 29 '
75 63 ,
43 71 '
53 75 '
-1 73 :
-2 38 ,
51 73 '
56 44 '
3 73 ,
4 73 ,
13 28 '
6 73 .
42 82 '
8 73 #
50 39 '
7 71 @
11 73 #
-2 63 .
29 13 .
49 16 ,
75 29 :
63 5 :
17 73 .
18 73 .
6 48 `
20 73 ;
48 45 '
65 44 +
10 45 '
27 49 '
25 73 '
2 20 .
27 73 '
28 73 '
57 45 '
28 18 '
31 73 '
50 11 `
67 61 :
34 73 '
36 22 '
68 38 .
40 49 .
54 42 '
39 73 '
65 9 ;
12 18 '
62 61 '
36 43 '
38 55 .
44 26 '
46 73 '
53 60 :
48 73 '
76 69 :
50 73 '
1 73 ,
24 6 ,
53 73 ;
27 33 '
56 80 @
74 54 ,
27 20 '
52 10 :
59 73 :
23 18 `
61 73 :
57 40 '
63 73 :
61 14 '
1 42 ,
66 73 :
67 73 :
68 73 :
69 73 :
70 73 ;
71 73 @
28 44 #
73 73 :
74 73 :
10 73 #
64 46 ;
-2 74 ;
58 23 `
34 78 '
1 74 ,
20 5 ,
37 44 .
48 63 @
71 41 ,
6 74 .
56 14 ;
35 47 #
50 65 .
10 74 '
11 74 '
12 74 +
13 74 #
64 37 '
59 31 '
49 35 '
8 45 ;
18 74 #
23 81 .
20 74 #
21 74 +
30 4 :
40 10 '
24 74 #
25 74 #
26 74 '
29 20 '
4 62 .
29 74 '
39 44 '
27 40 '
32 74 '
33 74 '
34 74 '
66 5 :
22 34 '
11 69 ,
37 48 .
39 74 '
49 74 '
24 23 '
27 27 '
43 74 '
40 67 +
3 14 ,
46 65 #
47 74 '
8 12 .
41 23 '
52 7 `
2 36 ,
63 18 ;
46 48 '
28 46 '
59 65 '
70 57 :
57 79 ,
58 74 :
59 74 :
-2 22 :
61 74 :
70 9 ;
63 74 :
64 74 :
57 48 @
66 74 :
33 22 '
31 52 .
25 77 '
70 74 :
48 30 '
37 13 '
1 61 +
14 44 '
30 43 #
29 39 '
14 34 '
35 34 '
47 18 '
1 75 :
53 24 '
3 75 ,
4 75 ,
5 75 .
6 75 .
7 75 `
8 75 #
9 75 '
20 82 ,
37 33 '
0 11 ,
33 21 '
14 75 '
40 70 '
16 75 '
17 75 '
18 75 '
19 75 '
20 75 '
21 75 '
54 17 ;
23 75 '
64 21 '
25 75 #
34 63 '
66 10 '
28 75 '
29 75 '
30 75 '
31 75 '
62 74 :
33 75 '
47 58 ;
59 59 #
23 25 '
37 75 '
-2 26 :
45 65 '
40 75 '
41 75 '
43 10 +
8 68 .
44 75 '
45 75 '
46 75 '
20 58 ,
3 37 ,
49 75 '
66 23 '
59 49 :
52 75 '
33 19 '
54 75 #
55 75 @
57 65 ;
69 47 ,
42 5 .
53 68 '
34 21 '
52 62 ,
62 75 :
63 75 :
5 48 `
65 75 :
66 75 :
74 69 :
68 75 :
-1 60 ,
25 25 '
71 75 :
76 73 ;
68 27 ,
74 75 @
71 7 ;
19 21 '
0 76 ,
1 76 ,
2 76 ,
3 76 ,
66 32 .
43 7 '
6 76 .
7 76 .
8 76 @
9 76 #
40 32 '
11 76 +
55 59 @
-1 34 :
14 76 '
15 76 '
16 76 '
17 76 '
18 76 '
19 76 '
18 82 #
3 15 ,
37 63 '
23 76 +
53 49 :
25 76 #
26 76 '
69 65 :
28 76 '
29 76 '
30 76 '
31 76 '
10 82 :
33 76 '
42 9 '
35 76 '
55 67 ;
55 7 :
65 29 ,
69 8 ;
74 44 :
41 76 '
42 76 '
37 9 #
44 76 '
54 27 '
20 47 '
59 76 :
6 5 :
63 63 ;
50 76 '
2 48 @
74 29 ,
74 7 ;
54 76 '
55 46 '
56 76 ,
19 52 .
3 24 .
22 76 '
60 76 :
55 28 '
62 76 :
18 24 '
64 76 :
38 7 .
66 76 :
67 76 :
68 76 :
7 7 ,
46 10 '
71 76 :
60 30 '
7 25 '
74 76 :
24 38 '
61 12 ;
0 77 ,
27 37 '
23 12 .
3 77 ,
4 77 ,
2 71 ,
6 77 .
7 77 .
3 6 :
61 66 ;
10 77 +
11 77 +
12 77 +
31 41 '
69 4 ;
18 39 '
59 23 ;
52 9 :
18 77 +
38 51 .
20 77 '
21 77 +
53 66 '
62 35 '
63 80 :
0 17 .
20 8 ,
11 78 @
29 53 :
29 77 '
34 55 .
24 58 .
32 77 '
68 60 :
2 77 ,
65 70 ,
36 77 '
37 77 '
38 77 '
49 76 '
21 82 :
15 57 .
42 77 '
23 82 .
67 79 :
55 64 ;
28 74 '
38 29 '
51 82 +
1 64 .
50 77 '
48 79 '
63 31 '
53 77 '
15 75 '
74 78 ;
34 23 '
12 12 .
2 75 ,
59 77 :
27 23 '
45 82 '
20 16 .
7 46 #
34 41 '
55 77 @
18 27 '
67 48 @
68 77 :
61 41 +
70 77 :
58 78 :
15 8 ,
35 61 :
62 31 '
40 34 '
12 71 ;
1 78 ,
47 45 '
55 48 :
43 58 ;
5 78 ,
6 78 ,
7 78 .
51 36 '
9 78 `
10 78 #
61 19 ;
55 23 :
44 25 '
12 7 ,
15 78 +
58 5 :
48 57 @
18 78 '
30 42 #
10 66 .
60 67 ;
53 30 '
49 71 '
24 78 #
25 78 '
54 28 '
54 82 +
22 49 '
48 31 '
51 31 '
17 64 ,
32 78 '
33 78 '
50 78 '
57 7 :
36 78 '
55 17 :
38 78 '
39 78 '
40 78 '
17 26 '
42 78 '
30 55 .
49 24 '
-1 24 :
30 13 .
47 78 '
48 78 '
14 4 :
47 11 '
51 78 '
38 43 '
16 63 ,
54 78 ;
55 78 @
56 78 #
67 38 .
50 58 :
63 10 `
59 14 '
8 33 `
54 14 ,
70 29 ,
64 78 :
6 26 #
66 78 :
63 8 :
68 78 :
69 78 :
76 58 :
46 44 '
72 78 :
45 57 '
65 77 :
1 79 ;
47 15 '
70 4 :
23 52 #
5 79 ,
31 27 '
7 79 ,
62 23 '
9 79 .
10 79 .
33 55 .
12 79 #
19 28 '
14 79 #
36 14 '
16 79 '
17 79 '
18 79 +
47 38 '
20 79 '
76 20 ;
0 45 .
14 65 ,
66 62 '
73 26 ,
40 52 .
27 79 '
76 13 ;
29 79 '
65 50 :
31 79 '
32 79 '
33 79 '
65 15 '
-1 48 ,
20 30 '
37 79 '
44 33 '
8 58 `
66 22 '
52 74 '
76 74 ,
50 67 @
68 4 :
22 68 ,
46 79 '
6 79 ,
39 60 .
48 43 '
19 35 '
68 42 .
52 79 +
11 17 @
24 51 '
55 79 @
56 79 @
57 44 '
47 34 '
27 6 ,
63 70 :
61 79 :
21 33 '
63 79 :
20 69 ,
71 29 ,
43 9 '
44 77 '
68 79 :
39 71 '
-1 28 ,
71 79 :
50 38 '
22 47 '
2 80 :
3 80 ,
59 32 +
70 50 @
6 80 ,
7 80 ,
8 80 ,
51 49 '
66 38 #
11 80 ,
45 56 '
41 22 '
35 52 .
32 49 .
52 71 @
55 51 :
7 6 ,
29 22 '
20 80 #
21 80 @
20 76 '
44 79 '
24 80 #
38 45 .
38 18 '
36 69 #
28 80 '
58 39 '
48 10 '
31 80 '
32 80 '
55 42 '
34 80 '
35 80 '
36 80 '
56 52 :
32 75 '
39 80 '
40 80 '
41 80 '
42 80 '
43 80 '
44 80 '
45 80 '
60 37 +
8 22 '
41 52 .
49 80 '
56 30 '
51 80 '
69 77 :
53 80 '
58 46 ;
44 67 +
19 19 #
57 80 ,
58 80 :
36 15 '
26 28 '
7 74 ,
5 29 .
24 77 #
64 80 :
65 80 :
66 80 :
67 80 :
68 80 :
69 80 :
11 16 .
44 57 '
72 80 :
4 81 :
10 12 .
6 81 ,
4 66 +
8 81 ,
31 7 ,
10 81 ,
56 50 :
23 78 #
13 81 ,
14 81 +
29 26 '
16 81 #
17 81 #
18 81 #
71 9 ;
38 4 ,
21 81 ,
22 81 .
51 63 ,
35 26 '
25 32 '
37 6 ,
63 61 '
50 56 ,
76 27 :
30 81 '
31 81 '
60 5 :
30 54 .
56 33 '
35 81 '
4 26 .
63 65 '
49 53 ;
16 77 +
-2 45 ,
52 77 '
42 81 '
43 81 '
44 81 '
45 81 '
46 81 '
66 35 .
48 81 '
61 58 @
64 32 #
51 81 '
71 70 :
43 43 '
75 77 `
55 81 ;
56 81 @
57 81 @
58 81 :
63 54 :
22 46 '
15 5 ,
50 33 '
24 41 '
64 81 :
18 14 .
63 78 :
16 15 .
43 77 '
1 51 `
68 36 ,
6 82 ,
19 47 '
62 79 :
9 82 :
36 73 '
37 52 .
9 6 ,
13 82 ,
37 32 '
32 18 '
20 33 '
17 82 @
-1 66 ,
19 82 +
11 82 :
30 11 .
24 9 .
68 81 :
24 82 #
46 47 '
55 80 :
27 82 '
28 43 #
24 28 '
43 44 '
12 34 '
32 82 '
33 82 '
1 32 ,
45 17 '
23 10 .
17 78 +
38 82 '
39 82 '
40 82 '
41 82 '
19 74 #
-1 18 .
39 22 '
61 77 :
12 14 .
47 82 '
48 82 '
49 82 '
25 65 .
15 34 '
52 82 +
78 17 `
31 19 '
56 72 :
56 82 ;
57 82 @
58 82 @
59 82 :
60 82 :
73 32 .
71 24 ,
14 43 '
31 82 '
36 16 '
70 40 .
30 71 '
68 82 `
