46 27 .
30 45 @
33 47 @
46 31 G
30 31 @
45 40 @
41 37 C
26 2 @
41 45 0
28 2 @
47 17 @
39 41 C
29 12 ;
36 39 C
33 2 @
39 21 C
47 44 0
52 43 0
28 51 C
47 15 @
37 24 @
59 40 0
32 31 @
42 2 C
23 3 @
27 30 ,
37 30 C
42 10 @
38 39 C
28 3 @
49 35 @
30 3 8
38 27 C
32 43 @
33 3 @
38 11 C
28 30 ;
50 47 0
37 3 :
38 3 L
39 3 @
45 36 0
68 46 0
43 49 0
43 3 C
31 36 C
46 40 0
24 20 C
40 31 C
50 40 0
67 46 0
25 39 8
35 33 ,
44 50 0
32 18 C
43 31 8
71 46 0
43 28 @
50 46 0
27 29 C
24 32 8
59 44 0
20 13 f
38 41 C
30 41 C
24 5 0
48 46 0
41 35 8
47 32 8
25 21 C
46 28 C
42 31 @
47 45 0
42 5 ,
43 5 @
44 5 C
43 12 C
55 46 0
25 20 C
69 44 0
76 46 ,
29 38 @
46 49 0
31 6 @
43 40 @
52 35 0
44 20 0
40 45 @
44 7 @
42 6 @
27 24 C
44 6 C
46 15 C
22 6 @
29 2 @
54 48 0
28 18 C
21 52 @
35 26 C
36 7 @
41 7 @
42 7 C
30 16 @
68 48 @
23 8 @
24 22 C
66 45 0
34 8 0
49 34 C
36 8 @
40 8 @
38 31 C
42 8 C
43 8 @
45 17 C
43 48 0
37 33 C
74 44 @
35 46 0
31 38 C
40 9 G
29 41 0
36 45 0
26 32 @
35 30 C
34 15 @
39 2 C
39 44 C
71 45 0
55 40 0
36 10 8
38 10 @
39 10 @
45 5 8
41 10 G
75 45 0
26 11 ,
43 4 @
42 45 0
36 9 @
30 11 C
50 41 0
32 11 C
32 41 C
62 43 0
24 3 0
45 43 0
37 11 G
49 41 0
28 34 @
40 11 C
25 4 @
30 34 @
30 44 @
22 12 @
33 26 8
40 37 C
48 32 G
44 42 0
44 46 0
36 47 0
36 42 C
61 44 0
42 12 C
45 14 C
37 26 C
28 23 C
43 47 0
32 17 8
31 40 C
54 43 0
42 13 @
43 13 C
44 13 C
30 30 @
69 42 @
49 33 @
36 46 0
26 3 @
24 8 i
27 52 .
43 14 @
44 14 C
33 41 C
37 31 C
27 22 C
19 15 @
30 35 0
39 27 C
44 51 C
30 15 @
48 41 0
23 19 C
35 15 @
26 30 @
44 15 0
45 15 C
32 27 @
38 2 C
48 15 1
50 52 @
60 46 0
46 43 0
35 8 0
39 20 C
43 7 C
46 41 0
45 16 C
38 38 C
44 3 8
48 16 C
19 17 :
40 38 C
61 45 0
34 20 C
36 2 C
41 20 C
52 34 0
61 46 0
37 25 @
40 41 C
41 42 0
75 44 8
28 32 f
33 7 @
38 1 1
41 44 0
56 39 @
23 12 @
26 18 @
31 5 @
31 51 @
67 45 0
24 4 0
31 18 C
34 4 C
40 47 @
46 3 i
42 18 @
43 39 @
77 45 G
26 31 @
46 18 G
40 10 0
49 38 .
52 40 0
55 49 0
36 23 0
31 46 G
39 32 @
50 39 0
42 38 C
35 34 8
24 7 @
31 19 C
32 19 C
46 48 0
44 26 @
40 34 @
41 50 @
30 18 C
27 51 C
39 19 @
49 30 C
45 20 @
32 47 C
43 19 C
36 20 C
33 6 @
46 19 @
31 16 f
69 48 ,
46 42 0
31 23 C
27 38 @
38 32 @
72 44 0
38 19 @
49 49 0
36 43 @
44 35 C
38 46 C
72 47 @
47 40 0
33 5 @
37 20 C
29 21 C
32 48 C
40 20 C
49 47 0
41 31 0
43 20 C
38 43 C
34 42 C
37 27 C
51 34 @
30 22 C
34 9 0
48 43 0
26 39 8
23 20 C
34 21 C
30 21 C
60 43 0
25 34 C
67 44 0
38 33 8
23 21 C
28 21 C
41 43 0
50 44 0
37 43 @
26 20 C
42 48 0
45 52 .
21 18 8
31 43 G
23 22 @
30 13 @
73 46 0
26 22 C
66 46 0
28 22 C
73 47 .
47 42 0
48 35 @
31 41 C
29 36 @
34 22 C
48 50 0
33 50 @
37 39 C
23 30 G
51 45 0
24 6 @
51 41 0
35 6 0
65 42 0
59 43 0
49 50 0
20 17 @
44 40 G
29 11 @
28 36 C
31 27 @
39 49 @
41 39 C
24 23 @
51 49 0
57 39 @
69 47 0
33 15 8
39 23 C
58 40 0
56 47 0
26 24 C
41 25 G
45 32 ,
29 24 @
42 20 C
24 31 L
33 22 C
41 40 C
36 30 C
19 14 L
27 25 G
27 19 C
55 43 0
26 34 C
53 39 0
43 25 L
39 25 @
40 25 0
31 37 C
45 42 0
44 19 C
44 39 @
65 46 0
21 19 ;
36 26 C
24 51 0
39 45 C
39 26 C
50 31 @
41 26 C
42 26 C
43 43 0
38 47 C
51 44 0
30 28 C
22 33 @
61 48 0
39 24 C
35 45 0
33 28 @
40 12 @
28 35 C
30 37 C
28 50 i
41 27 C
42 27 C
31 42 C
38 48 C
45 27 @
35 1 ,
26 28 .
52 50 8
51 48 0
34 39 C
44 47 0
28 11 t
34 32 @
54 42 0
34 28 C
37 34 C
36 28 C
57 41 0
46 29 @
48 38 ;
40 28 C
24 18 8
38 26 C
51 50 8
44 28 0
35 25 @
46 46 0
28 28 @
26 23 C
63 40 8
23 36 G
42 40 8
45 13 C
32 28 8
29 29 @
59 42 0
46 13 @
25 32 G
33 29 C
27 28 @
35 29 C
40 35 C
46 36 0
40 49 0
45 28 C
35 9 0
37 35 C
42 29 C
37 2 C
44 29 @
37 49 @
38 28 C
39 28 C
23 18 8
61 41 0
50 29 f
21 30 ,
46 5 L
51 46 0
24 30 C
25 30 @
49 32 8
73 43 t
52 31 G
58 50 :
27 18 8
34 49 .
40 19 8
37 23 L
32 36 C
42 42 0
41 28 C
43 6 C
31 28 C
42 47 0
40 30 C
34 3 C
25 24 @
43 30 G
21 13 @
45 30 @
59 49 0
65 45 0
51 31 C
25 6 t
49 48 0
36 48 0
26 21 C
37 38 C
21 31 C
27 21 C
38 29 C
24 37 @
66 44 0
39 40 C
27 31 0
60 40 0
29 31 G
33 18 @
35 7 0
31 17 8
19 34 @
34 31 C
35 31 C
40 3 8
64 44 0
32 2 @
54 44 0
23 34 f
26 35 @
40 39 C
45 50 0
58 45 0
45 31 G
46 44 0
21 36 .
48 31 8
49 31 ;
22 36 @
35 22 C
43 29 0
37 48 @
74 46 @
40 48 8
53 47 0
23 32 @
45 12 @
69 45 0
43 9 G
27 16 .
27 15 @
42 14 :
47 29 C
35 32 @
44 38 C
25 5 @
51 37 ,
48 37 G
44 31 @
40 26 C
38 37 C
34 46 0
23 7 0
44 21 :
20 14 @
55 44 0
52 32 0
33 27 @
43 17 @
19 33 G
20 33 @
21 33 G
44 37 C
45 41 0
34 44 0
25 33 @
26 33 i
52 45 0
65 41 @
33 44 @
43 27 @
24 21 C
48 33 G
22 30 @
50 33 @
51 33 C
56 44 0
36 29 C
54 33 ,
52 33 G
28 39 @
37 19 @
22 34 @
60 42 0
69 43 0
67 48 @
48 39 0
62 47 0
32 34 @
51 43 0
30 40 C
53 46 0
47 39 0
47 50 0
48 52 @
29 34 8
36 34 0
35 27 C
40 27 C
39 34 G
31 22 C
50 32 @
30 27 G
43 34 @
44 34 i
45 34 t
53 50 @
29 28 C
48 34 0
48 45 0
55 35 .
63 41 0
25 23 C
37 28 C
54 34 @
20 35 @
32 50 C
22 35 G
70 42 @
56 46 0
46 32 @
35 48 @
62 46 0
39 37 C
25 31 @
34 11 @
31 35 @
66 42 0
34 29 C
47 30 i
22 31 C
36 35 C
57 44 0
44 16 8
39 35 C
27 37 @
47 14 @
32 29 8
58 39 C
51 42 0
45 35 C
44 4 8
50 34 G
33 21 C
34 41 C
29 42 0
56 45 0
43 15 0
53 35 G
24 52 @
34 2 @
24 29 @
39 47 G
39 33 1
65 43 0
25 36 @
27 40 @
21 32 @
34 23 @
70 44 0
34 38 C
47 16 0
31 50 0
33 36 C
30 48 ;
47 36 :
35 3 C
34 27 C
37 10 @
48 40 0
69 46 0
46 52 f
38 34 @
43 36 @
44 36 C
65 47 0
71 47 @
63 44 0
37 40 C
33 31 G
49 52 @
70 46 0
55 39 @
39 51 ;
31 39 C
65 44 0
33 30 @
43 18 G
64 41 0
29 37 @
30 12 @
26 25 @
36 38 C
29 17 @
34 37 C
35 37 C
42 49 0
38 45 C
47 51 @
53 32 C
40 23 @
54 32 @
42 37 C
33 4 C
55 48 0
49 29 @
35 36 C
54 47 0
58 44 0
38 24 G
46 45 0
46 50 0
54 41 0
56 50 @
48 29 C
28 38 C
23 2 0
30 38 C
20 31 @
36 40 C
43 16 t
38 35 C
35 38 C
41 11 C
48 51 ;
33 38 C
52 30 ;
44 41 0
41 38 C
67 47 0
32 38 C
36 32 @
45 38 @
52 42 0
59 46 0
28 29 8
27 32 @
47 37 G
28 17 t
50 50 0
29 50 @
46 35 C
56 43 0
30 39 C
40 29 C
32 39 C
32 23 0
21 35 8
35 39 C
51 30 @
48 30 @
27 3 @
39 39 C
57 42 0
31 20 C
39 29 C
46 30 ;
21 34 8
47 41 0
50 38 .
51 36 G
53 36 t
49 39 0
36 33 @
51 39 0
42 50 @
46 37 8
54 39 8
60 48 0
23 5 0
47 4 .
32 22 C
24 34 @
45 29 8
53 49 0
58 48 0
38 42 C
43 41 0
63 49 @
41 30 @
34 40 C
48 49 0
41 21 C
48 36 @
38 40 C
33 11 C
40 40 C
48 44 0
26 51 8
33 48 @
45 4 C
59 47 0
39 50 C
50 35 .
39 36 C
49 40 0
22 19 @
59 45 0
34 30 C
53 40 0
54 40 0
34 7 0
37 47 @
47 47 0
41 13 G
47 18 @
56 48 0
61 40 @
33 40 C
63 43 0
25 38 @
41 9 C
26 40 8
36 1 @
34 26 0
40 2 8
63 48 0
52 36 @
40 51 @
37 41 C
48 48 0
42 43 0
44 8 ;
27 23 C
42 41 8
22 7 @
51 35 @
23 33 G
42 30 8
52 47 0
47 38 @
61 49 @
43 35 G
30 23 C
22 32 C
53 41 0
34 47 8
55 41 0
56 41 0
60 45 0
25 22 C
59 41 0
60 41 0
70 47 0
62 41 0
55 42 0
28 37 C
41 47 0
72 45 0
67 41 0
62 40 @
52 49 0
29 18 C
62 45 0
47 35 C
32 51 0
35 42 C
36 41 C
37 42 C
29 30 @
39 31 C
40 44 @
30 36 C
37 29 C
42 21 C
31 12 @
35 5 8
43 46 0
51 52 .
48 42 0
49 42 0
61 47 0
36 27 C
37 32 @
35 19 C
44 27 @
68 47 0
35 20 C
36 19 0
58 42 0
42 19 C
42 51 @
52 44 0
39 11 C
63 42 0
27 39 G
31 10 1
32 44 C
22 20 @
53 34 0
25 2 @
41 48 0
27 2 @
37 45 @
35 2 G
24 19 C
45 18 C
42 34 @
30 50 @
57 46 0
46 34 @
41 22 @
40 43 @
29 51 0
25 29 @
43 26 C
60 44 0
62 42 0
36 5 C
47 43 0
32 45 C
49 43 0
50 43 0
30 17 C
64 42 0
27 36 @
43 45 0
58 46 0
27 35 C
57 43 0
58 43 0
26 15 @
31 21 C
61 43 0
43 50 @
33 35 C
22 5 @
70 43 0
25 52 @
41 2 @
68 43 0
45 3 @
33 34 8
34 36 C
24 36 G
64 43 0
43 11 @
52 46 0
47 28 @
32 20 C
34 34 C
35 44 0
40 21 C
37 44 @
30 43 8
48 17 :
40 42 @
26 37 G
42 44 0
43 44 0
50 30 C
45 44 0
58 41 0
39 12 @
32 40 C
49 44 0
30 20 C
40 22 @
38 30 C
43 51 0
53 42 0
51 32 @
32 35 @
23 23 .
41 29 C
23 52 @
32 21 C
41 12 C
62 44 0
53 43 0
39 9 8
35 35 C
37 21 C
26 19 C
45 51 G
57 40 0
29 14 ;
71 44 0
28 20 C
34 16 ,
28 41 0
46 51 @
34 43 @
31 45 G
39 43 C
30 6 L
34 45 0
34 5 @
35 23 @
62 48 0
33 37 C
33 20 C
23 35 @
20 52 G
44 48 0
31 2 @
44 45 0
32 6 @
72 43 @
34 35 C
67 43 0
49 45 0
50 45 0
39 22 G
28 24 8
53 45 0
54 45 0
55 45 0
34 50 .
67 42 0
40 32 .
51 40 0
30 47 G
56 42 0
66 41 @
63 45 0
60 47 0
41 36 C
33 10 @
39 30 C
44 30 0
52 41 0
33 32 ,
38 25 C
32 12 i
73 45 0
28 19 C
29 22 C
76 45 @
35 28 C
42 35 @
32 46 C
37 46 @
41 49 0
30 51 @
29 35 C
20 32 ;
30 46 8
34 25 ,
31 30 G
37 36 C
29 3 8
42 46 0
22 4 @
63 47 0
45 46 0
33 23 @
43 38 @
29 20 C
50 42 0
45 45 0
35 21 C
57 47 0
31 34 @
54 46 0
36 11 @
37 22 C
47 46 0
31 29 G
32 49 C
32 4 @
29 40 G
42 25 @
63 46 0
64 46 0
48 47 0
36 22 C
60 49 0
46 39 @
40 36 C
55 47 0
35 11 @
72 46 0
56 40 0
36 49 8
75 46 @
31 47 0
36 21 C
32 42 C
33 43 @
37 37 C
26 29 C
19 16 @
45 37 0
22 21 @
68 45 0
47 31 @
34 18 8
38 21 C
23 6 0
32 3 8
42 28 C
45 47 0
32 37 C
74 45 0
41 3 C
32 10 @
37 1 @
51 47 0
36 25 G
35 47 0
25 37 @
27 20 C
26 52 L
42 11 @
33 42 C
39 46 C
29 19 C
29 39 @
53 33 @
58 47 0
44 18 C
36 36 C
66 47 0
30 14 @
39 38 C
46 17 C
33 39 C
73 44 0
64 47 0
45 39 G
28 31 G
31 48 @
40 46 @
41 41 @
34 48 C
42 9 0
46 14 C
23 4 0
35 10 8
39 48 0
22 52 @
25 3 8
44 17 G
33 9 @
33 19 C
45 48 0
38 20 C
47 48 0
54 35 @
31 44 C
50 48 0
25 18 @
52 48 0
53 48 0
30 29 C
45 6 @
20 34 G
57 48 0
38 49 C
59 48 0
49 37 @
47 34 @
49 36 @
41 51 @
55 50 @
65 48 0
24 33 C
31 11 C
42 4 L
24 2 @
31 49 @
44 43 0
36 44 0
30 42 @
46 47 0
30 19 C
44 49 0
42 36 C
23 31 @
44 44 0
62 49 @
25 19 C
35 43 @
45 49 0
43 21 @
47 49 0
35 40 C
39 42 @
50 49 0
33 8 @
31 31 @
28 40 @
54 49 0
47 52 @
56 49 0
57 49 0
58 49 0
1 54 .
49 46 0
41 8 C
36 37 C
27 34 8
64 49 ;
33 49 @
41 34 @
35 41 C
36 4 ;
22 18 @
32 5 C
28 15 t
34 19 C
38 50 C
40 24 @
40 50 C
37 50 @
46 16 C
33 46 @
50 36 G
35 4 @
38 23 8
57 45 0
38 22 C
33 45 @
38 36 C
38 44 C
36 3 @
34 6 0
54 50 @
64 45 0
26 38 G
57 50 L
46 4 @
32 30 G
25 51 @
31 3 8
42 39 G
36 31 C
45 19 C
48 28 t
36 6 @
66 48 8
26 36 @
24 35 i
33 51 ,
30 24 i
44 12 8
25 35 8
53 44 0
43 42 0
52 39 0
61 42 0
42 3 C
27 11 :
64 48 0
41 46 0
34 10 @
68 42 0
66 43 0
71 43 0
70 45 0
68 44 0
53 31 @
41 19 C
29 23 C
50 37 @
43 37 @
30 2 @
46 38 G
